629;Paradise Cay - Hall MS;[629101, 629201, 629301, 629401, 629501, 629302, 629102, 629202, 629402, 629502];[07:37, 07:37, 07:37, 07:37, 07:37, 13:55, 15:10, 15:10, 15:10, 15:10];[[0], [1], [2], [3], [4], [2], [0], [1], [3], [4]]
30;Canal - Downtown San Rafael;[30002, 30502, 30802, 30001, 30801, 30501, 30004, 30804, 30504, 30003, 30503, 30803, 30006, 30806, 30506, 30005, 30505, 30805, 30008, 30808, 30508, 30007, 30507, 30807, 30010, 30810, 30510, 30009, 30012, 30011, 30014, 30013, 30016, 30015, 30018, 30017, 30020, 30019, 30022, 30021, 30024, 30023, 30026, 30025, 30028, 30027, 30030, 30029, 30032, 30031, 30034, 30033, 30036, 30509, 30809, 30512, 30812, 30511, 30035, 30811, 30814, 30038, 30514, 30813, 30513, 30037, 30816, 30040, 30516, 30515, 30039, 30815, 30818, 30042, 30518, 30817, 30041, 30517, 30820, 30044, 30520, 30519, 30043, 30819, 30522, 30046, 30822, 30045, 30821, 30521, 30524, 30824, 30048, 30047, 30823, 30523, 30050, 30826, 30526, 30049, 30825, 30525, 30528, 30052, 30828, 30051, 30827, 30527, 30830, 30530, 30054, 30053, 30529, 30829, 30832, 30056, 30532, 30055, 30831, 30531, 30058, 30834, 30534];[05:03, 05:08, 05:08, 05:25, 05:30, 05:30, 05:33, 05:38, 05:38, 05:55, 06:00, 06:00, 06:03, 06:08, 06:08, 06:25, 06:30, 06:30, 06:33, 06:38, 06:38, 06:55, 07:00, 07:00, 07:03, 07:08, 07:08, 07:25, 07:33, 07:55, 08:03, 08:25, 08:33, 08:55, 09:03, 13:50, 13:58, 14:20, 14:28, 14:50, 14:58, 15:20, 15:28, 15:50, 15:58, 16:20, 16:28, 16:50, 16:58, 17:20, 17:28, 17:50, 17:58, 20:30, 20:30, 20:38, 20:38, 21:00, 21:00, 21:00, 21:08, 21:08, 21:08, 21:30, 21:30, 21:30, 21:38, 21:38, 21:38, 22:00, 22:00, 22:00, 22:08, 22:08, 22:08, 22:30, 22:30, 22:30, 22:38, 22:38, 22:38, 23:00, 23:00, 23:00, 23:08, 23:08, 23:08, 23:30, 23:30, 23:30, 23:38, 23:38, 23:38, 24:00, 24:00, 24:00, 24:08, 24:08, 24:08, 24:30, 24:30, 24:30, 24:38, 24:38, 24:38, 25:00, 25:00, 25:00, 25:08, 25:08, 25:08, 25:30, 25:30, 25:30, 25:38, 25:38, 25:38, 26:00, 26:00, 26:00, 26:08, 26:08, 26:08];[[0, 1, 2, 3, 4], [5], [6], [0, 1, 2, 3, 4], [6], [5], [0, 1, 2, 3, 4], [6], [5], [0, 1, 2, 3, 4], [5], [6], [0, 1, 2, 3, 4], [6], [5], [0, 1, 2, 3, 4], [5], [6], [0, 1, 2, 3, 4], [6], [5], [0, 1, 2, 3, 4], [5], [6], [0, 1, 2, 3, 4], [6], [5], [0, 1, 2, 3, 4], [0, 1, 2, 3, 4], [0, 1, 2, 3, 4], [0, 1, 2, 3, 4], [0, 1, 2, 3, 4], [0, 1, 2, 3, 4], [0, 1, 2, 3, 4], [0, 1, 2, 3, 4], [0, 1, 2, 3, 4], [0, 1, 2, 3, 4], [0, 1, 2, 3, 4], [0, 1, 2, 3, 4], [0, 1, 2, 3, 4], [0, 1, 2, 3, 4], [0, 1, 2, 3, 4], [0, 1, 2, 3, 4], [0, 1, 2, 3, 4], [0, 1, 2, 3, 4], [0, 1, 2, 3, 4], [0, 1, 2, 3, 4], [0, 1, 2, 3, 4], [0, 1, 2, 3, 4], [0, 1, 2, 3, 4], [0, 1, 2, 3, 4], [0, 1, 2, 3, 4], [0, 1, 2, 3, 4], [5], [6], [5], [6], [5], [0, 1, 2, 3, 4], [6], [6], [0, 1, 2, 3, 4], [5], [6], [5], [0, 1, 2, 3, 4], [6], [0, 1, 2, 3, 4], [5], [5], [0, 1, 2, 3, 4], [6], [6], [0, 1, 2, 3, 4], [5], [6], [0, 1, 2, 3, 4], [5], [6], [0, 1, 2, 3, 4], [5], [5], [0, 1, 2, 3, 4], [6], [5], [0, 1, 2, 3, 4], [6], [0, 1, 2, 3, 4], [6], [5], [5], [6], [0, 1, 2, 3, 4], [0, 1, 2, 3, 4], [6], [5], [0, 1, 2, 3, 4], [6], [5], [0, 1, 2, 3, 4], [6], [5], [5], [0, 1, 2, 3, 4], [6], [0, 1, 2, 3, 4], [6], [5], [6], [5], [0, 1, 2, 3, 4], [0, 1, 2, 3, 4], [5], [6], [6], [0, 1, 2, 3, 4], [5], [0, 1, 2, 3, 4], [6], [5], [0, 1, 2, 3, 4], [6], [5]]
625;Lagunitas - Sir Francis Drake HS - San Anselmo Hub;[625301, 625602, 625101, 625201, 625401, 625601, 625102, 625202, 625302, 625402];[14:25, 14:35, 15:15, 15:15, 15:15, 15:32, 15:48, 15:48, 15:48, 15:48];[[2], [4], [0], [1], [3], [4], [0], [1], [2], [3]]
654;Olive - Novato Loop;[654301, 654101, 654201, 654401, 654601];[13:20, 14:20, 14:20, 14:20, 14:20];[[2], [0], [1], [3], [4]]
613;Paradise Cay - Redwood HS;[613102, 613202, 613302, 613402, 613602, 613301, 613101, 613201, 613401, 613601, 613303, 613603, 613103, 613203, 613403];[07:42, 07:42, 07:42, 07:42, 07:42, 13:50, 15:05, 15:05, 15:05, 15:05, 15:05, 15:30, 15:35, 15:45, 15:45];[[0], [1], [2], [3], [4], [2], [0], [1], [3], [4], [2], [4], [0], [1], [3]]
619;Tiburon - Redwood HS;[619102, 619202, 619302, 619402, 619104, 619204, 619304, 619404, 619602, 619604, 619303, 619305, 619601, 619603, 619103, 619105, 619203, 619403, 619205, 619405];[07:35, 07:35, 07:35, 07:35, 07:37, 07:37, 07:37, 07:37, 08:13, 08:15, 15:05, 15:10, 15:25, 15:30, 15:35, 15:45, 15:45, 15:45, 15:50, 15:50];[[0], [1], [2], [3], [0], [1], [2], [3], [4], [4], [2], [2], [4], [4], [0], [0], [1], [3], [1], [3]]
71;Novato - Marin City;[71801, 71501, 71001, 71803, 71503, 71003, 71002, 71802, 71502, 71005, 71805, 71505, 71004, 71804, 71504, 71007, 71807, 71507, 71006, 71009, 71806, 71506, 71809, 71509, 71008, 71011, 71808, 71508, 71811, 71511, 71010, 71810, 71510, 71013, 71813, 71513, 71012, 71812, 71512, 71015, 71515, 71815, 71014, 71814, 71514, 71017, 71517, 71817, 71016, 71516, 71816, 71819, 71519, 71019, 71018, 71818, 71518, 71821, 71521, 71021, 71020, 71820, 71520, 71523, 71823, 71023, 71022, 71522, 71822, 71825, 71525, 71025, 71024, 71824, 71524, 71827, 71527, 71027, 71026, 71826, 71526, 71829, 71529, 71029, 71028, 71828, 71528, 71531, 71831, 71031, 71030, 71530, 71830, 71533, 71833, 71033, 71032, 71832, 71532, 71535, 71835, 71035, 71034, 71834, 71534, 71036, 71537, 71837, 71037, 71536, 71836, 71039, 71038, 71539, 71839, 71538, 71838, 71041, 71040, 71541, 71841, 71540, 71840, 71042, 71843, 71043, 71543, 71842, 71542, 71044, 71545, 71045, 71845, 71544, 71844, 71047, 71046, 71847, 71547, 71546, 71846, 71049, 71048, 71549, 71849, 71548, 71848, 71051, 71551, 71851, 71050, 71850, 71550, 71853, 71553, 71052, 71053, 71852, 71552, 71555, 71855, 71055, 71054, 71857, 71557, 71057, 71056, 71554, 71854, 71859, 71559, 71059, 71058, 71856, 71556, 71861, 71561, 71061, 71060, 71558, 71858, 71563, 71863, 71063, 71062, 71560, 71860, 71865, 71565, 71064, 71862, 71562];[05:28, 05:28, 05:30, 05:58, 05:58, 06:00, 06:03, 06:04, 06:04, 06:20, 06:28, 06:28, 06:33, 06:34, 06:34, 06:38, 06:58, 06:58, 07:03, 07:03, 07:04, 07:04, 07:28, 07:28, 07:33, 07:33, 07:34, 07:34, 07:58, 07:58, 08:03, 08:04, 08:04, 08:08, 08:28, 08:28, 08:33, 08:34, 08:34, 08:38, 08:58, 08:58, 09:03, 09:04, 09:04, 09:25, 09:28, 09:28, 09:33, 09:34, 09:34, 09:58, 09:58, 10:00, 10:03, 10:04, 10:04, 10:28, 10:28, 10:30, 10:33, 10:34, 10:34, 10:58, 10:58, 11:00, 11:03, 11:04, 11:04, 11:28, 11:28, 11:30, 11:33, 11:34, 11:34, 11:58, 11:58, 12:00, 12:03, 12:04, 12:04, 12:28, 12:28, 12:30, 12:33, 12:34, 12:34, 12:58, 12:58, 13:00, 13:03, 13:04, 13:04, 13:28, 13:28, 13:30, 13:33, 13:34, 13:34, 13:58, 13:58, 14:00, 14:01, 14:04, 14:04, 14:28, 14:28, 14:28, 14:30, 14:34, 14:34, 14:54, 14:58, 14:58, 14:58, 15:04, 15:04, 15:24, 15:28, 15:28, 15:28, 15:34, 15:34, 15:56, 15:58, 15:58, 15:58, 16:04, 16:04, 16:26, 16:28, 16:28, 16:28, 16:34, 16:34, 16:54, 16:56, 16:58, 16:58, 17:04, 17:04, 17:24, 17:26, 17:28, 17:28, 17:34, 17:34, 17:54, 17:58, 17:58, 18:00, 18:04, 18:04, 18:28, 18:28, 18:30, 18:30, 18:34, 18:34, 18:58, 18:58, 19:00, 19:03, 19:28, 19:28, 19:30, 19:33, 19:34, 19:34, 20:28, 20:28, 20:30, 20:33, 20:34, 20:34, 21:28, 21:28, 21:30, 21:33, 21:34, 21:34, 22:28, 22:28, 22:30, 22:33, 22:34, 22:34, 23:28, 23:28, 23:33, 23:34, 23:34];[[6], [5], [0, 1, 2, 3, 4], [6], [5], [0, 1, 2, 3, 4], [0, 1, 2, 3, 4], [6], [5], [0, 1, 2, 3, 4], [6], [5], [0, 1, 2, 3, 4], [6], [5], [0, 1, 2, 3, 4], [6], [5], [0, 1, 2, 3, 4], [0, 1, 2, 3, 4], [6], [5], [6], [5], [0, 1, 2, 3, 4], [0, 1, 2, 3, 4], [6], [5], [6], [5], [0, 1, 2, 3, 4], [6], [5], [0, 1, 2, 3, 4], [6], [5], [0, 1, 2, 3, 4], [6], [5], [0, 1, 2, 3, 4], [5], [6], [0, 1, 2, 3, 4], [6], [5], [0, 1, 2, 3, 4], [5], [6], [0, 1, 2, 3, 4], [5], [6], [6], [5], [0, 1, 2, 3, 4], [0, 1, 2, 3, 4], [6], [5], [6], [5], [0, 1, 2, 3, 4], [0, 1, 2, 3, 4], [6], [5], [5], [6], [0, 1, 2, 3, 4], [0, 1, 2, 3, 4], [5], [6], [6], [5], [0, 1, 2, 3, 4], [0, 1, 2, 3, 4], [6], [5], [6], [5], [0, 1, 2, 3, 4], [0, 1, 2, 3, 4], [6], [5], [6], [5], [0, 1, 2, 3, 4], [0, 1, 2, 3, 4], [6], [5], [5], [6], [0, 1, 2, 3, 4], [0, 1, 2, 3, 4], [5], [6], [5], [6], [0, 1, 2, 3, 4], [0, 1, 2, 3, 4], [6], [5], [5], [6], [0, 1, 2, 3, 4], [0, 1, 2, 3, 4], [6], [5], [0, 1, 2, 3, 4], [5], [6], [0, 1, 2, 3, 4], [5], [6], [0, 1, 2, 3, 4], [0, 1, 2, 3, 4], [5], [6], [5], [6], [0, 1, 2, 3, 4], [0, 1, 2, 3, 4], [5], [6], [5], [6], [0, 1, 2, 3, 4], [6], [0, 1, 2, 3, 4], [5], [6], [5], [0, 1, 2, 3, 4], [5], [0, 1, 2, 3, 4], [6], [5], [6], [0, 1, 2, 3, 4], [0, 1, 2, 3, 4], [6], [5], [5], [6], [0, 1, 2, 3, 4], [0, 1, 2, 3, 4], [5], [6], [5], [6], [0, 1, 2, 3, 4], [5], [6], [0, 1, 2, 3, 4], [6], [5], [6], [5], [0, 1, 2, 3, 4], [0, 1, 2, 3, 4], [6], [5], [5], [6], [0, 1, 2, 3, 4], [0, 1, 2, 3, 4], [6], [5], [0, 1, 2, 3, 4], [0, 1, 2, 3, 4], [5], [6], [6], [5], [0, 1, 2, 3, 4], [0, 1, 2, 3, 4], [6], [5], [6], [5], [0, 1, 2, 3, 4], [0, 1, 2, 3, 4], [5], [6], [5], [6], [0, 1, 2, 3, 4], [0, 1, 2, 3, 4], [5], [6], [6], [5], [0, 1, 2, 3, 4], [6], [5]]
57;Downtown San Rafael - Novato;[57002, 57006, 57003, 57005, 57001, 57008, 57502, 57802, 57007, 57010, 57012, 57501, 57801, 57804, 57504, 57009, 57014, 57503, 57803, 57806, 57506, 57011, 57016, 57805, 57505, 57808, 57508, 57013, 57018, 57807, 57507, 57510, 57810, 57015, 57020, 57809, 57509, 57022, 57812, 57512, 57019, 57024, 57811, 57511, 57514, 57814, 57023, 57044, 57026, 57028, 57813, 57513, 57025, 57816, 57516, 57027, 57030, 57815, 57515, 57032, 57818, 57518, 57029, 57034, 57036, 57517, 57817, 57520, 57820, 57031, 57519, 57819, 57038, 57822, 57522, 57033, 57821, 57521, 57040, 57524, 57824, 57035, 57523, 57823, 57042, 57037];[06:22, 06:54, 07:10, 07:30, 07:38, 07:56, 08:27, 08:27, 08:30, 08:30, 09:10, 09:14, 09:14, 09:27, 09:27, 09:30, 10:10, 10:14, 10:14, 10:27, 10:27, 10:30, 11:10, 11:14, 11:14, 11:26, 11:26, 11:30, 12:10, 12:16, 12:16, 12:26, 12:26, 12:30, 13:08, 13:16, 13:16, 13:20, 13:26, 13:26, 13:30, 14:05, 14:16, 14:16, 14:26, 14:26, 14:30, 14:32, 14:35, 15:05, 15:16, 15:16, 15:18, 15:26, 15:26, 15:30, 16:00, 16:16, 16:16, 16:17, 16:26, 16:26, 16:30, 16:32, 17:09, 17:16, 17:16, 17:26, 17:26, 17:30, 18:16, 18:16, 18:17, 18:26, 18:26, 18:30, 19:16, 19:16, 19:17, 19:26, 19:26, 19:30, 20:16, 20:16, 20:22, 20:30];[[0, 1, 2, 3, 4], [0, 1, 2, 3, 4], [0, 1, 2, 3, 4], [0, 1, 2, 3, 4], [0, 1, 2, 3, 4], [0, 1, 2, 3, 4], [5], [6], [0, 1, 2, 3, 4], [0, 1, 2, 3, 4], [0, 1, 2, 3, 4], [5], [6], [6], [5], [0, 1, 2, 3, 4], [0, 1, 2, 3, 4], [5], [6], [6], [5], [0, 1, 2, 3, 4], [0, 1, 2, 3, 4], [6], [5], [6], [5], [0, 1, 2, 3, 4], [0, 1, 2, 3, 4], [6], [5], [5], [6], [0, 1, 2, 3, 4], [0, 1, 2, 3, 4], [6], [5], [0, 1, 2, 3, 4], [6], [5], [0, 1, 2, 3, 4], [0, 1, 2, 3, 4], [6], [5], [5], [6], [0, 1, 2, 3, 4], [0, 1, 2, 3, 4], [0, 1, 2, 3, 4], [0, 1, 2, 3, 4], [6], [5], [0, 1, 2, 3, 4], [6], [5], [0, 1, 2, 3, 4], [0, 1, 2, 3, 4], [6], [5], [0, 1, 2, 3, 4], [6], [5], [0, 1, 2, 3, 4], [0, 1, 2, 3, 4], [0, 1, 2, 3, 4], [5], [6], [5], [6], [0, 1, 2, 3, 4], [5], [6], [0, 1, 2, 3, 4], [6], [5], [0, 1, 2, 3, 4], [6], [5], [0, 1, 2, 3, 4], [5], [6], [0, 1, 2, 3, 4], [5], [6], [0, 1, 2, 3, 4], [0, 1, 2, 3, 4]]
17;Downtown San Rafael - Sausalito;[17001, 17003, 17801, 17501, 17005, 17002, 17007, 17004, 17006, 17503, 17803, 17009, 17802, 17502, 17008, 17011, 17805, 17505, 17013, 17504, 17804, 17015, 17010, 17017, 17507, 17807, 17806, 17506, 17012, 17019, 17014, 17021, 17509, 17809, 17808, 17508, 17016, 17023, 17511, 17025, 17811, 17810, 17510, 17018, 17020, 17027, 17813, 17513, 17512, 17812, 17022, 17029, 17024, 17515, 17031, 17815, 17814, 17514, 17026, 17028, 17517, 17817, 17033, 17516, 17816, 17030, 17035, 17032, 17519, 17037, 17819, 17818, 17518, 17034, 17036, 17038, 17821, 17521, 17039, 17520, 17820, 17041, 17043, 17823, 17523, 17040, 17822, 17522, 17525, 17045, 17825, 17042, 17824, 17524, 17826, 17526, 17047, 17527, 17827, 17044, 17828, 17046, 17528, 17049, 17829, 17529, 17830, 17048, 17530, 17051, 17831, 17531, 17832, 17050, 17532];[05:30, 06:00, 06:30, 06:30, 06:30, 06:41, 07:00, 07:06, 07:28, 07:30, 07:30, 07:30, 07:39, 07:39, 07:56, 08:00, 08:30, 08:30, 08:30, 08:39, 08:39, 09:00, 09:07, 09:30, 09:30, 09:30, 09:32, 09:32, 09:37, 10:00, 10:07, 10:30, 10:30, 10:30, 10:32, 10:32, 10:37, 11:00, 11:30, 11:30, 11:30, 11:32, 11:32, 11:37, 12:07, 12:30, 12:30, 12:30, 12:32, 12:32, 12:37, 13:00, 13:07, 13:30, 13:30, 13:30, 13:32, 13:32, 13:37, 14:07, 14:30, 14:30, 14:30, 14:32, 14:32, 14:37, 15:00, 15:05, 15:30, 15:30, 15:30, 15:32, 15:32, 15:33, 16:03, 16:28, 16:30, 16:30, 16:30, 16:34, 16:34, 17:00, 17:30, 17:30, 17:30, 17:32, 17:39, 17:39, 18:30, 18:30, 18:30, 18:37, 18:39, 18:39, 19:28, 19:28, 19:30, 19:30, 19:30, 19:37, 20:28, 20:28, 20:28, 20:30, 20:30, 20:30, 21:28, 21:28, 21:28, 21:30, 21:30, 21:30, 22:28, 22:28, 22:28];[[0, 1, 2, 3, 4], [0, 1, 2, 3, 4], [6], [5], [0, 1, 2, 3, 4], [0, 1, 2, 3, 4], [0, 1, 2, 3, 4], [0, 1, 2, 3, 4], [0, 1, 2, 3, 4], [5], [6], [0, 1, 2, 3, 4], [6], [5], [0, 1, 2, 3, 4], [0, 1, 2, 3, 4], [6], [5], [0, 1, 2, 3, 4], [5], [6], [0, 1, 2, 3, 4], [0, 1, 2, 3, 4], [0, 1, 2, 3, 4], [5], [6], [6], [5], [0, 1, 2, 3, 4], [0, 1, 2, 3, 4], [0, 1, 2, 3, 4], [0, 1, 2, 3, 4], [5], [6], [6], [5], [0, 1, 2, 3, 4], [0, 1, 2, 3, 4], [5], [0, 1, 2, 3, 4], [6], [6], [5], [0, 1, 2, 3, 4], [0, 1, 2, 3, 4], [0, 1, 2, 3, 4], [6], [5], [5], [6], [0, 1, 2, 3, 4], [0, 1, 2, 3, 4], [0, 1, 2, 3, 4], [5], [0, 1, 2, 3, 4], [6], [6], [5], [0, 1, 2, 3, 4], [0, 1, 2, 3, 4], [5], [6], [0, 1, 2, 3, 4], [5], [6], [0, 1, 2, 3, 4], [0, 1, 2, 3, 4], [0, 1, 2, 3, 4], [5], [0, 1, 2, 3, 4], [6], [6], [5], [0, 1, 2, 3, 4], [0, 1, 2, 3, 4], [0, 1, 2, 3, 4], [6], [5], [0, 1, 2, 3, 4], [5], [6], [0, 1, 2, 3, 4], [0, 1, 2, 3, 4], [6], [5], [0, 1, 2, 3, 4], [6], [5], [5], [0, 1, 2, 3, 4], [6], [0, 1, 2, 3, 4], [6], [5], [6], [5], [0, 1, 2, 3, 4], [5], [6], [0, 1, 2, 3, 4], [6], [0, 1, 2, 3, 4], [5], [0, 1, 2, 3, 4], [6], [5], [6], [0, 1, 2, 3, 4], [5], [0, 1, 2, 3, 4], [6], [5], [6], [0, 1, 2, 3, 4], [5]]
35;Canal - Northgate;[35001, 35801, 35501, 35003, 35002, 35503, 35005, 35803, 35004, 35802, 35502, 35805, 35007, 35505, 35006, 35504, 35804, 35009, 35507, 35807, 35008, 35506, 35806, 35509, 35809, 35011, 35010, 35808, 35508, 35511, 35811, 35013, 35012, 35810, 35510, 35513, 35813, 35015, 35014, 35812, 35512, 35815, 35515, 35017, 35016, 35814, 35514, 35517, 35817, 35019, 35018, 35816, 35516, 35519, 35819, 35021, 35020, 35518, 35818, 35521, 35821, 35023, 35820, 35022, 35520, 35523, 35823, 35025, 35024, 35822, 35522, 35525, 35825, 35027, 35026, 35524, 35824, 35827, 35527, 35029, 35526, 35028, 35826, 35829, 35529, 35031, 35528, 35828, 35030, 35831, 35531, 35033, 35830, 35530, 35032, 35035, 35533, 35833, 35532, 35832, 35034, 35535, 35835, 35037, 35534, 35834, 35036, 35039, 35837, 35537, 35836, 35536, 35038, 35041, 35539, 35839, 35838, 35538, 35040, 35541, 35043, 35841, 35042, 35540, 35840, 35543, 35045, 35843, 35044, 35542, 35842, 35545, 35845, 35047, 35046, 35844, 35544, 35547, 35847, 35049, 35048, 35546, 35846, 35549, 35849, 35051, 35548, 35050, 35848, 35053, 35850, 35550, 35052, 35851, 35551, 35055, 35054, 35057, 35056, 35852, 35552, 35058, 35059, 35060, 35061, 35062];[06:05, 06:35, 06:35, 06:35, 06:38, 07:05, 07:05, 07:05, 07:08, 07:08, 07:08, 07:35, 07:35, 07:35, 07:38, 07:38, 07:38, 08:05, 08:05, 08:05, 08:08, 08:08, 08:08, 08:35, 08:35, 08:35, 08:38, 08:38, 08:38, 09:05, 09:05, 09:07, 09:08, 09:08, 09:08, 09:35, 09:35, 09:37, 09:38, 09:38, 09:38, 10:05, 10:05, 10:07, 10:08, 10:08, 10:08, 10:35, 10:35, 10:37, 10:38, 10:38, 10:38, 11:05, 11:05, 11:07, 11:08, 11:08, 11:08, 11:35, 11:35, 11:37, 11:38, 11:38, 11:38, 12:05, 12:05, 12:07, 12:08, 12:08, 12:08, 12:35, 12:35, 12:37, 12:38, 12:38, 12:38, 13:05, 13:05, 13:07, 13:08, 13:08, 13:08, 13:35, 13:35, 13:37, 13:38, 13:38, 13:38, 14:05, 14:05, 14:07, 14:08, 14:08, 14:08, 14:35, 14:35, 14:35, 14:38, 14:38, 14:38, 15:05, 15:05, 15:05, 15:08, 15:08, 15:08, 15:21, 15:35, 15:35, 15:38, 15:38, 15:38, 15:51, 16:05, 16:05, 16:08, 16:08, 16:08, 16:35, 16:35, 16:35, 16:38, 16:38, 16:38, 17:05, 17:05, 17:05, 17:08, 17:08, 17:08, 17:35, 17:35, 17:35, 17:38, 17:38, 17:38, 18:05, 18:05, 18:05, 18:08, 18:08, 18:08, 18:35, 18:35, 18:37, 18:38, 18:38, 18:38, 19:07, 19:08, 19:08, 19:08, 19:35, 19:35, 19:37, 19:38, 20:07, 20:08, 20:08, 20:08, 20:38, 20:57, 21:28, 21:57, 22:28];[[0, 1, 2, 3, 4], [6], [5], [0, 1, 2, 3, 4], [0, 1, 2, 3, 4], [5], [0, 1, 2, 3, 4], [6], [0, 1, 2, 3, 4], [6], [5], [6], [0, 1, 2, 3, 4], [5], [0, 1, 2, 3, 4], [5], [6], [0, 1, 2, 3, 4], [5], [6], [0, 1, 2, 3, 4], [5], [6], [5], [6], [0, 1, 2, 3, 4], [0, 1, 2, 3, 4], [6], [5], [5], [6], [0, 1, 2, 3, 4], [0, 1, 2, 3, 4], [6], [5], [5], [6], [0, 1, 2, 3, 4], [0, 1, 2, 3, 4], [6], [5], [6], [5], [0, 1, 2, 3, 4], [0, 1, 2, 3, 4], [6], [5], [5], [6], [0, 1, 2, 3, 4], [0, 1, 2, 3, 4], [6], [5], [5], [6], [0, 1, 2, 3, 4], [0, 1, 2, 3, 4], [5], [6], [5], [6], [0, 1, 2, 3, 4], [6], [0, 1, 2, 3, 4], [5], [5], [6], [0, 1, 2, 3, 4], [0, 1, 2, 3, 4], [6], [5], [5], [6], [0, 1, 2, 3, 4], [0, 1, 2, 3, 4], [5], [6], [6], [5], [0, 1, 2, 3, 4], [5], [0, 1, 2, 3, 4], [6], [6], [5], [0, 1, 2, 3, 4], [5], [6], [0, 1, 2, 3, 4], [6], [5], [0, 1, 2, 3, 4], [6], [5], [0, 1, 2, 3, 4], [0, 1, 2, 3, 4], [5], [6], [5], [6], [0, 1, 2, 3, 4], [5], [6], [0, 1, 2, 3, 4], [5], [6], [0, 1, 2, 3, 4], [0, 1, 2, 3, 4], [6], [5], [6], [5], [0, 1, 2, 3, 4], [0, 1, 2, 3, 4], [5], [6], [6], [5], [0, 1, 2, 3, 4], [5], [0, 1, 2, 3, 4], [6], [0, 1, 2, 3, 4], [5], [6], [5], [0, 1, 2, 3, 4], [6], [0, 1, 2, 3, 4], [5], [6], [5], [6], [0, 1, 2, 3, 4], [0, 1, 2, 3, 4], [6], [5], [5], [6], [0, 1, 2, 3, 4], [0, 1, 2, 3, 4], [5], [6], [5], [6], [0, 1, 2, 3, 4], [5], [0, 1, 2, 3, 4], [6], [0, 1, 2, 3, 4], [6], [5], [0, 1, 2, 3, 4], [6], [5], [0, 1, 2, 3, 4], [0, 1, 2, 3, 4], [0, 1, 2, 3, 4], [0, 1, 2, 3, 4], [6], [5], [0, 1, 2, 3, 4], [0, 1, 2, 3, 4], [0, 1, 2, 3, 4], [0, 1, 2, 3, 4], [0, 1, 2, 3, 4]]
36;Canal - Marin City;[36001, 36003, 36002, 36005, 36501, 36801, 36502, 36802, 36004, 36503, 36007, 36803, 36504, 36804, 36006, 36505, 36009, 36805, 36806, 36506, 36008, 36507, 36807, 36011, 36808, 36508, 36010, 36013, 36809, 36509, 36810, 36510, 36012, 36811, 36511, 36015, 36512, 36812, 36014, 36017, 36513, 36813, 36514, 36814, 36016, 36515, 36019, 36815, 36816, 36516, 36018, 36517, 36021, 36817, 36818, 36518, 36020, 36519, 36819, 36023, 36520, 36820, 36022, 36025, 36821, 36521, 36522, 36822, 36024, 36523, 36027, 36823, 36524, 36026, 36824, 36525, 36825, 36029, 36526, 36826, 36028, 36031, 36827, 36527, 36528, 36828, 36030, 36033, 36529, 36829, 36830, 36530, 36032, 36035, 36531, 36831, 36832, 36532, 36833, 36533, 36037, 36034, 36834, 36534, 36535, 36835, 36036, 36836, 36536, 36537, 36039, 36837, 36038, 36838, 36538, 36539, 36041, 36839, 36040, 36840, 36540, 36541, 36043, 36841, 36042, 36842, 36542, 36045, 36843, 36543, 36044, 36047, 36845, 36545, 36049, 36046, 36051];[06:23, 06:53, 07:18, 07:23, 07:23, 07:23, 07:44, 07:44, 07:48, 07:53, 07:53, 07:53, 08:14, 08:14, 08:18, 08:23, 08:23, 08:23, 08:44, 08:44, 08:48, 08:53, 08:53, 08:53, 09:14, 09:14, 09:18, 09:23, 09:23, 09:23, 09:44, 09:44, 09:48, 09:53, 09:53, 09:53, 10:14, 10:14, 10:18, 10:23, 10:23, 10:23, 10:44, 10:44, 10:48, 10:53, 10:53, 10:53, 11:14, 11:14, 11:18, 11:23, 11:23, 11:23, 11:44, 11:44, 11:48, 11:53, 11:53, 11:53, 12:14, 12:14, 12:18, 12:23, 12:23, 12:23, 12:44, 12:44, 12:48, 12:53, 12:53, 12:53, 13:14, 13:14, 13:14, 13:23, 13:23, 13:23, 13:40, 13:40, 13:44, 13:53, 13:53, 13:53, 14:10, 14:10, 14:14, 14:23, 14:23, 14:23, 14:40, 14:40, 14:44, 14:53, 14:53, 14:53, 15:10, 15:10, 15:23, 15:23, 15:23, 15:33, 15:39, 15:39, 15:53, 15:53, 16:03, 16:08, 16:08, 16:23, 16:23, 16:23, 16:33, 16:38, 16:38, 16:53, 16:53, 16:53, 17:03, 17:08, 17:08, 17:23, 17:23, 17:23, 17:30, 17:43, 17:43, 17:53, 17:53, 17:53, 18:04, 18:23, 18:23, 18:23, 18:53, 19:07, 19:53];[[0, 1, 2, 3, 4], [0, 1, 2, 3, 4], [0, 1, 2, 3, 4], [0, 1, 2, 3, 4], [5], [6], [5], [6], [0, 1, 2, 3, 4], [5], [0, 1, 2, 3, 4], [6], [5], [6], [0, 1, 2, 3, 4], [5], [0, 1, 2, 3, 4], [6], [6], [5], [0, 1, 2, 3, 4], [5], [6], [0, 1, 2, 3, 4], [6], [5], [0, 1, 2, 3, 4], [0, 1, 2, 3, 4], [6], [5], [6], [5], [0, 1, 2, 3, 4], [6], [5], [0, 1, 2, 3, 4], [5], [6], [0, 1, 2, 3, 4], [0, 1, 2, 3, 4], [5], [6], [5], [6], [0, 1, 2, 3, 4], [5], [0, 1, 2, 3, 4], [6], [6], [5], [0, 1, 2, 3, 4], [5], [0, 1, 2, 3, 4], [6], [6], [5], [0, 1, 2, 3, 4], [5], [6], [0, 1, 2, 3, 4], [5], [6], [0, 1, 2, 3, 4], [0, 1, 2, 3, 4], [6], [5], [5], [6], [0, 1, 2, 3, 4], [5], [0, 1, 2, 3, 4], [6], [5], [0, 1, 2, 3, 4], [6], [5], [6], [0, 1, 2, 3, 4], [5], [6], [0, 1, 2, 3, 4], [0, 1, 2, 3, 4], [6], [5], [5], [6], [0, 1, 2, 3, 4], [0, 1, 2, 3, 4], [5], [6], [6], [5], [0, 1, 2, 3, 4], [0, 1, 2, 3, 4], [5], [6], [6], [5], [6], [5], [0, 1, 2, 3, 4], [0, 1, 2, 3, 4], [6], [5], [5], [6], [0, 1, 2, 3, 4], [6], [5], [5], [0, 1, 2, 3, 4], [6], [0, 1, 2, 3, 4], [6], [5], [5], [0, 1, 2, 3, 4], [6], [0, 1, 2, 3, 4], [6], [5], [5], [0, 1, 2, 3, 4], [6], [0, 1, 2, 3, 4], [6], [5], [0, 1, 2, 3, 4], [6], [5], [0, 1, 2, 3, 4], [0, 1, 2, 3, 4], [6], [5], [0, 1, 2, 3, 4], [0, 1, 2, 3, 4], [0, 1, 2, 3, 4]]
49;Downtown San Rafael - Novato San Marin;[49001, 49002, 49003, 49005, 49004, 49802, 49502, 49007, 49006, 49009, 49501, 49801, 49008, 49504, 49804, 49011, 49010, 49013, 49803, 49503, 49806, 49506, 49012, 49015, 49014, 49017, 49805, 49505, 49016, 49508, 49808, 49019, 49018, 49021, 49507, 49807, 49510, 49020, 49810, 49023, 49022, 49025, 49809, 49509, 49512, 49812, 49024, 49027, 49026, 49029, 49511, 49811, 49028, 49514, 49814, 49031, 49030, 49033, 49813, 49513, 49032, 49816, 49516, 49035, 49034, 49037, 49515, 49815, 49036, 49518, 49818, 49039, 49038, 49041, 49817, 49517, 49820, 49520, 49040, 49043, 49042, 49045, 49819, 49519, 49044, 49822, 49522, 49047, 49046, 49049, 49821, 49521, 49524, 49048, 49824, 49051, 49523, 49823, 49050, 49526, 49826, 49053, 49525, 49825, 49828, 49528, 49052, 49827, 49527, 49830, 49530];[05:59, 06:15, 06:21, 06:53, 07:15, 07:15, 07:15, 07:26, 07:45, 08:00, 08:06, 08:06, 08:15, 08:15, 08:15, 08:27, 08:45, 09:02, 09:06, 09:06, 09:15, 09:15, 09:15, 09:32, 09:45, 10:02, 10:06, 10:06, 10:15, 10:15, 10:15, 10:32, 10:45, 11:02, 11:06, 11:06, 11:15, 11:15, 11:15, 11:32, 11:45, 12:02, 12:06, 12:06, 12:15, 12:15, 12:15, 12:32, 12:45, 13:02, 13:06, 13:06, 13:15, 13:15, 13:15, 13:32, 13:45, 14:02, 14:06, 14:06, 14:15, 14:15, 14:15, 14:32, 14:45, 15:02, 15:06, 15:06, 15:15, 15:15, 15:15, 15:32, 15:45, 15:59, 16:06, 16:06, 16:15, 16:15, 16:15, 16:31, 16:45, 17:02, 17:06, 17:06, 17:15, 17:15, 17:15, 17:34, 17:45, 18:04, 18:06, 18:06, 18:15, 18:15, 18:15, 19:04, 19:06, 19:06, 19:15, 19:15, 19:15, 20:04, 20:06, 20:06, 20:15, 20:15, 20:15, 21:06, 21:06, 21:15, 21:15];[[0, 1, 2, 3, 4], [0, 1, 2, 3, 4], [0, 1, 2, 3, 4], [0, 1, 2, 3, 4], [0, 1, 2, 3, 4], [6], [5], [0, 1, 2, 3, 4], [0, 1, 2, 3, 4], [0, 1, 2, 3, 4], [5], [6], [0, 1, 2, 3, 4], [5], [6], [0, 1, 2, 3, 4], [0, 1, 2, 3, 4], [0, 1, 2, 3, 4], [6], [5], [6], [5], [0, 1, 2, 3, 4], [0, 1, 2, 3, 4], [0, 1, 2, 3, 4], [0, 1, 2, 3, 4], [6], [5], [0, 1, 2, 3, 4], [5], [6], [0, 1, 2, 3, 4], [0, 1, 2, 3, 4], [0, 1, 2, 3, 4], [5], [6], [5], [0, 1, 2, 3, 4], [6], [0, 1, 2, 3, 4], [0, 1, 2, 3, 4], [0, 1, 2, 3, 4], [6], [5], [5], [6], [0, 1, 2, 3, 4], [0, 1, 2, 3, 4], [0, 1, 2, 3, 4], [0, 1, 2, 3, 4], [5], [6], [0, 1, 2, 3, 4], [5], [6], [0, 1, 2, 3, 4], [0, 1, 2, 3, 4], [0, 1, 2, 3, 4], [6], [5], [0, 1, 2, 3, 4], [6], [5], [0, 1, 2, 3, 4], [0, 1, 2, 3, 4], [0, 1, 2, 3, 4], [5], [6], [0, 1, 2, 3, 4], [5], [6], [0, 1, 2, 3, 4], [0, 1, 2, 3, 4], [0, 1, 2, 3, 4], [6], [5], [6], [5], [0, 1, 2, 3, 4], [0, 1, 2, 3, 4], [0, 1, 2, 3, 4], [0, 1, 2, 3, 4], [6], [5], [0, 1, 2, 3, 4], [6], [5], [0, 1, 2, 3, 4], [0, 1, 2, 3, 4], [0, 1, 2, 3, 4], [6], [5], [5], [0, 1, 2, 3, 4], [6], [0, 1, 2, 3, 4], [5], [6], [0, 1, 2, 3, 4], [5], [6], [0, 1, 2, 3, 4], [5], [6], [6], [5], [0, 1, 2, 3, 4], [6], [5], [6], [5]]
23;Canal - Fairfax Manor;[23002, 23004, 23001, 23006, 23502, 23802, 23003, 23801, 23501, 23008, 23005, 23007, 23010, 23804, 23504, 23503, 23803, 23009, 23012, 23011, 23014, 23806, 23506, 23505, 23805, 23013, 23508, 23808, 23016, 23807, 23507, 23015, 23810, 23510, 23018, 23509, 23809, 23812, 23512, 23017, 23020, 23811, 23511, 23814, 23514, 23019, 23022, 23513, 23813, 23816, 23516, 23021, 23024, 23515, 23815, 23023, 23518, 23818, 23025, 23026, 23817, 23517, 23027, 23028, 23029, 23820, 23520, 23030, 23519, 23819, 23031, 23032, 23033, 23522, 23822, 23034, 23521, 23821, 23035, 23036, 23037, 23824, 23524, 23038, 23523, 23823, 23039, 23826, 23526, 23825, 23525, 23040, 23528, 23828, 23041, 23827, 23527, 23042, 23830, 23530, 23043, 23044, 23045, 23046];[05:53, 06:13, 06:16, 06:53, 06:54, 06:54, 06:56, 06:57, 06:57, 07:13, 07:16, 07:52, 07:53, 07:54, 07:54, 07:57, 07:57, 08:12, 08:13, 08:52, 08:53, 08:54, 08:54, 08:57, 08:57, 09:52, 09:54, 09:54, 09:55, 09:55, 09:55, 10:52, 10:54, 10:54, 10:55, 10:55, 10:55, 11:54, 11:54, 11:54, 11:55, 11:55, 11:55, 12:54, 12:54, 12:54, 12:55, 12:55, 12:55, 13:54, 13:54, 13:54, 13:55, 13:55, 13:55, 14:31, 14:54, 14:54, 14:54, 14:55, 14:55, 14:55, 15:18, 15:25, 15:52, 15:54, 15:54, 15:55, 15:55, 15:55, 16:22, 16:25, 16:52, 16:54, 16:54, 16:55, 16:55, 16:55, 17:22, 17:25, 17:52, 17:54, 17:54, 17:55, 17:55, 17:55, 18:52, 18:54, 18:54, 18:57, 18:57, 19:08, 19:54, 19:54, 19:57, 19:57, 19:57, 20:08, 20:54, 20:54, 20:57, 21:08, 21:57, 22:08];[[0, 1, 2, 3, 4], [0, 1, 2, 3, 4], [0, 1, 2, 3, 4], [0, 1, 2, 3, 4], [5], [6], [0, 1, 2, 3, 4], [6], [5], [0, 1, 2, 3, 4], [0, 1, 2, 3, 4], [0, 1, 2, 3, 4], [0, 1, 2, 3, 4], [6], [5], [5], [6], [0, 1, 2, 3, 4], [0, 1, 2, 3, 4], [0, 1, 2, 3, 4], [0, 1, 2, 3, 4], [6], [5], [5], [6], [0, 1, 2, 3, 4], [5], [6], [0, 1, 2, 3, 4], [6], [5], [0, 1, 2, 3, 4], [6], [5], [0, 1, 2, 3, 4], [5], [6], [6], [5], [0, 1, 2, 3, 4], [0, 1, 2, 3, 4], [6], [5], [6], [5], [0, 1, 2, 3, 4], [0, 1, 2, 3, 4], [5], [6], [6], [5], [0, 1, 2, 3, 4], [0, 1, 2, 3, 4], [5], [6], [0, 1, 2, 3, 4], [5], [6], [0, 1, 2, 3, 4], [0, 1, 2, 3, 4], [6], [5], [0, 1, 2, 3, 4], [0, 1, 2, 3, 4], [0, 1, 2, 3, 4], [6], [5], [0, 1, 2, 3, 4], [5], [6], [0, 1, 2, 3, 4], [0, 1, 2, 3, 4], [0, 1, 2, 3, 4], [5], [6], [0, 1, 2, 3, 4], [5], [6], [0, 1, 2, 3, 4], [0, 1, 2, 3, 4], [0, 1, 2, 3, 4], [6], [5], [0, 1, 2, 3, 4], [5], [6], [0, 1, 2, 3, 4], [6], [5], [6], [5], [0, 1, 2, 3, 4], [5], [6], [0, 1, 2, 3, 4], [6], [5], [0, 1, 2, 3, 4], [6], [5], [0, 1, 2, 3, 4], [0, 1, 2, 3, 4], [0, 1, 2, 3, 4], [0, 1, 2, 3, 4]]
22;Downtown San Rafael - Marin City;[22001, 22801, 22501, 22005, 22002, 22500, 22800, 22003, 22004, 22503, 22803, 22009, 22006, 22802, 22502, 22007, 22505, 22013, 22805, 22008, 22010, 22504, 22804, 22011, 22507, 22807, 22017, 22012, 22014, 22806, 22506, 22015, 22021, 22509, 22809, 22016, 22018, 22808, 22508, 22019, 22811, 22025, 22511, 22022, 22020, 22810, 22510, 22023, 22513, 22029, 22813, 22026, 22024, 22512, 22812, 22027, 22515, 22033, 22815, 22030, 22028, 22514, 22814, 22031, 22034, 22032, 22037, 22817, 22517, 22516, 22816, 22035, 22038, 22036, 22819, 22519, 22041, 22518, 22818, 22039, 22042, 22040, 22045, 22521, 22821, 22520, 22820, 22043, 22523, 22049, 22823, 22044, 22046, 22522, 22822, 22051, 22048, 22524, 22824, 22053, 22050, 22052];[06:00, 07:00, 07:00, 07:00, 07:03, 07:10, 07:10, 07:30, 07:59, 08:00, 08:00, 08:00, 08:03, 08:10, 08:10, 08:30, 09:00, 09:00, 09:00, 09:01, 09:03, 09:10, 09:10, 09:30, 10:00, 10:00, 10:00, 10:01, 10:03, 10:10, 10:10, 10:30, 11:00, 11:00, 11:00, 11:01, 11:03, 11:10, 11:10, 11:30, 12:00, 12:00, 12:00, 12:01, 12:01, 12:10, 12:10, 12:30, 13:00, 13:00, 13:00, 13:01, 13:01, 13:10, 13:10, 13:30, 14:00, 14:00, 14:00, 14:01, 14:01, 14:10, 14:10, 14:30, 14:56, 14:59, 15:00, 15:00, 15:00, 15:08, 15:08, 15:30, 15:54, 15:57, 16:00, 16:00, 16:00, 16:08, 16:08, 16:30, 16:52, 16:57, 17:00, 17:00, 17:00, 17:08, 17:08, 17:30, 18:00, 18:00, 18:00, 18:03, 18:05, 18:10, 18:10, 19:00, 19:05, 19:10, 19:10, 20:00, 20:09, 21:09];[[0, 1, 2, 3, 4], [6], [5], [0, 1, 2, 3, 4], [0, 1, 2, 3, 4], [5], [6], [0, 1, 2, 3, 4], [0, 1, 2, 3, 4], [5], [6], [0, 1, 2, 3, 4], [0, 1, 2, 3, 4], [6], [5], [0, 1, 2, 3, 4], [5], [0, 1, 2, 3, 4], [6], [0, 1, 2, 3, 4], [0, 1, 2, 3, 4], [5], [6], [0, 1, 2, 3, 4], [5], [6], [0, 1, 2, 3, 4], [0, 1, 2, 3, 4], [0, 1, 2, 3, 4], [6], [5], [0, 1, 2, 3, 4], [0, 1, 2, 3, 4], [5], [6], [0, 1, 2, 3, 4], [0, 1, 2, 3, 4], [6], [5], [0, 1, 2, 3, 4], [6], [0, 1, 2, 3, 4], [5], [0, 1, 2, 3, 4], [0, 1, 2, 3, 4], [6], [5], [0, 1, 2, 3, 4], [5], [0, 1, 2, 3, 4], [6], [0, 1, 2, 3, 4], [0, 1, 2, 3, 4], [5], [6], [0, 1, 2, 3, 4], [5], [0, 1, 2, 3, 4], [6], [0, 1, 2, 3, 4], [0, 1, 2, 3, 4], [5], [6], [0, 1, 2, 3, 4], [0, 1, 2, 3, 4], [0, 1, 2, 3, 4], [0, 1, 2, 3, 4], [6], [5], [5], [6], [0, 1, 2, 3, 4], [0, 1, 2, 3, 4], [0, 1, 2, 3, 4], [6], [5], [0, 1, 2, 3, 4], [5], [6], [0, 1, 2, 3, 4], [0, 1, 2, 3, 4], [0, 1, 2, 3, 4], [0, 1, 2, 3, 4], [5], [6], [5], [6], [0, 1, 2, 3, 4], [5], [0, 1, 2, 3, 4], [6], [0, 1, 2, 3, 4], [0, 1, 2, 3, 4], [5], [6], [0, 1, 2, 3, 4], [0, 1, 2, 3, 4], [5], [6], [0, 1, 2, 3, 4], [0, 1, 2, 3, 4], [0, 1, 2, 3, 4]]
68;Downtown San Rafael - Inverness;[68001, 68801, 68501, 68003, 68802, 68502, 68004, 68804, 68504, 68006, 68803, 68503, 68005, 68008, 68805, 68505, 68007, 68806, 68506, 68010, 68009, 68808, 68508, 68012, 68807, 68507, 68011, 68810, 68510, 68014, 68809, 68509, 68015, 68812, 68512, 68016, 68013, 68514, 68814, 68018, 68811, 68511, 68513, 68813, 68019, 68816, 68516, 68815, 68515, 68818, 68518, 68817, 68517, 68820, 68520, 68819, 68519];[06:22, 07:08, 07:08, 07:12, 07:30, 07:30, 07:45, 08:30, 08:30, 08:45, 09:08, 09:08, 10:20, 10:45, 11:08, 11:08, 11:20, 11:30, 11:30, 11:45, 12:20, 12:30, 12:30, 12:45, 13:08, 13:08, 14:20, 14:30, 14:30, 14:45, 16:08, 16:08, 16:20, 16:30, 16:30, 16:45, 18:20, 18:30, 18:30, 18:45, 19:08, 19:08, 20:08, 20:08, 20:20, 20:30, 20:30, 21:24, 21:24, 21:30, 21:30, 22:24, 22:24, 22:30, 22:30, 23:24, 23:24];[[0, 1, 2, 3, 4], [6], [5], [0, 1, 2, 3, 4], [6], [5], [0, 1, 2, 3, 4], [6], [5], [0, 1, 2, 3, 4], [6], [5], [0, 1, 2, 3, 4], [0, 1, 2, 3, 4], [6], [5], [0, 1, 2, 3, 4], [6], [5], [0, 1, 2, 3, 4], [0, 1, 2, 3, 4], [6], [5], [0, 1, 2, 3, 4], [6], [5], [0, 1, 2, 3, 4], [6], [5], [0, 1, 2, 3, 4], [6], [5], [0, 1, 2, 3, 4], [6], [5], [0, 1, 2, 3, 4], [0, 1, 2, 3, 4], [5], [6], [0, 1, 2, 3, 4], [6], [5], [5], [6], [0, 1, 2, 3, 4], [6], [5], [6], [5], [6], [5], [6], [5], [6], [5], [6], [5]]
228;Downtown San Rafael - Fairfax Manor;[228001, 228802, 228502, 228803, 228503, 228003, 228004, 228804, 228504, 228805, 228505, 228005, 228006, 228506, 228806, 228807, 228507, 228007, 228008, 228808, 228508, 228009, 228509, 228809, 228010, 228810, 228510, 228511, 228811, 228011, 228012, 228812, 228512, 228813, 228013, 228513, 228014, 228514, 228814, 228015, 228515, 228815, 228016, 228816, 228516, 228017, 228817, 228517, 228018, 228818, 228518, 228019, 228819, 228519, 228020, 228820, 228520, 228521, 228021, 228821, 228022, 228822, 228522, 228023, 228823, 228523, 228024, 228524, 228824, 228025, 228825, 228525, 228026, 228826, 228526, 228027, 228028];[06:30, 06:42, 06:42, 07:30, 07:30, 07:30, 07:33, 07:42, 07:42, 08:30, 08:30, 08:30, 08:33, 08:42, 08:42, 09:30, 09:30, 09:30, 09:38, 09:42, 09:42, 10:30, 10:30, 10:30, 10:38, 10:42, 10:42, 11:30, 11:30, 11:30, 11:38, 11:42, 11:42, 12:30, 12:30, 12:30, 12:38, 12:42, 12:42, 13:30, 13:30, 13:30, 13:38, 13:42, 13:42, 14:30, 14:30, 14:30, 14:38, 14:42, 14:42, 15:30, 15:30, 15:30, 15:31, 15:42, 15:42, 16:30, 16:30, 16:30, 16:31, 16:42, 16:42, 17:30, 17:30, 17:30, 17:31, 17:42, 17:42, 18:30, 18:30, 18:30, 18:38, 18:42, 18:42, 19:30, 19:38];[[0, 1, 2, 3, 4], [6], [5], [6], [5], [0, 1, 2, 3, 4], [0, 1, 2, 3, 4], [6], [5], [6], [5], [0, 1, 2, 3, 4], [0, 1, 2, 3, 4], [5], [6], [6], [5], [0, 1, 2, 3, 4], [0, 1, 2, 3, 4], [6], [5], [0, 1, 2, 3, 4], [5], [6], [0, 1, 2, 3, 4], [6], [5], [5], [6], [0, 1, 2, 3, 4], [0, 1, 2, 3, 4], [6], [5], [6], [0, 1, 2, 3, 4], [5], [0, 1, 2, 3, 4], [5], [6], [0, 1, 2, 3, 4], [5], [6], [0, 1, 2, 3, 4], [6], [5], [0, 1, 2, 3, 4], [6], [5], [0, 1, 2, 3, 4], [6], [5], [0, 1, 2, 3, 4], [6], [5], [0, 1, 2, 3, 4], [6], [5], [5], [0, 1, 2, 3, 4], [6], [0, 1, 2, 3, 4], [6], [5], [0, 1, 2, 3, 4], [6], [5], [0, 1, 2, 3, 4], [5], [6], [0, 1, 2, 3, 4], [6], [5], [0, 1, 2, 3, 4], [6], [5], [0, 1, 2, 3, 4], [0, 1, 2, 3, 4]]
233;San Rafael (Downtown - Santa Venetia);[233025, 233002, 233819, 233519, 233001, 233502, 233004, 233802, 233801, 233003, 233501, 233504, 233006, 233804, 233803, 233005, 233503, 233506, 233008, 233806, 233007, 233805, 233505, 233808, 233508, 233010, 233009, 233807, 233507, 233012, 233011, 233014, 233510, 233810, 233809, 233013, 233509, 233812, 233512, 233016, 233015, 233511, 233811, 233018, 233514, 233814, 233513, 233813, 233017, 233020, 233816, 233516, 233515, 233019, 233815, 233022, 233518, 233818, 233517, 233817, 233021, 233024, 233023, 233026];[06:30, 07:00, 07:30, 07:30, 07:30, 08:00, 08:00, 08:00, 08:30, 08:30, 08:30, 09:00, 09:00, 09:00, 09:30, 09:30, 09:30, 10:00, 10:00, 10:00, 10:30, 10:30, 10:30, 11:00, 11:00, 11:00, 11:30, 11:30, 11:30, 12:00, 12:30, 13:00, 13:00, 13:00, 13:30, 13:30, 13:30, 14:00, 14:00, 14:00, 14:30, 14:30, 14:30, 15:00, 15:00, 15:00, 15:30, 15:30, 15:30, 16:00, 16:00, 16:00, 16:30, 16:30, 16:30, 17:00, 17:00, 17:00, 17:30, 17:30, 17:30, 18:00, 18:30, 19:00];[[0, 1, 2, 3, 4], [0, 1, 2, 3, 4], [6], [5], [0, 1, 2, 3, 4], [5], [0, 1, 2, 3, 4], [6], [6], [0, 1, 2, 3, 4], [5], [5], [0, 1, 2, 3, 4], [6], [6], [0, 1, 2, 3, 4], [5], [5], [0, 1, 2, 3, 4], [6], [0, 1, 2, 3, 4], [6], [5], [6], [5], [0, 1, 2, 3, 4], [0, 1, 2, 3, 4], [6], [5], [0, 1, 2, 3, 4], [0, 1, 2, 3, 4], [0, 1, 2, 3, 4], [5], [6], [6], [0, 1, 2, 3, 4], [5], [6], [5], [0, 1, 2, 3, 4], [0, 1, 2, 3, 4], [5], [6], [0, 1, 2, 3, 4], [5], [6], [5], [6], [0, 1, 2, 3, 4], [0, 1, 2, 3, 4], [6], [5], [5], [0, 1, 2, 3, 4], [6], [0, 1, 2, 3, 4], [5], [6], [5], [6], [0, 1, 2, 3, 4], [0, 1, 2, 3, 4], [0, 1, 2, 3, 4], [0, 1, 2, 3, 4]]
245;San Rafael (Downtown - Smith Ranch Road);[245500, 245000, 245800, 245001, 245501, 245801, 245502, 245002, 245802, 245003, 245503, 245803, 245504, 245804, 245004, 245005, 245805, 245505, 245006, 245506, 245806, 245007, 245807, 245507, 245008, 245508, 245808, 245009, 245509, 245809, 245810, 245010, 245510, 245011, 245511, 245811, 245012, 245812, 245512, 245013, 245513, 245813, 245514, 245014, 245814, 245015, 245515, 245815, 245516, 245016, 245816, 245017, 245517, 245817, 245518, 245018, 245818, 245019, 245519, 245819, 245020, 245820, 245520, 245021, 245821, 245521, 245022, 245822, 245522, 245023, 245823, 245523];[07:00, 07:00, 07:00, 07:26, 07:30, 07:30, 08:00, 08:00, 08:00, 08:26, 08:30, 08:30, 09:00, 09:00, 09:00, 09:26, 09:30, 09:30, 10:00, 10:00, 10:00, 10:26, 10:30, 10:30, 11:00, 11:00, 11:00, 11:26, 11:30, 11:30, 12:00, 12:00, 12:00, 12:26, 12:30, 12:30, 13:00, 13:00, 13:00, 13:26, 13:30, 13:30, 14:00, 14:00, 14:00, 14:26, 14:30, 14:30, 15:00, 15:00, 15:00, 15:26, 15:30, 15:30, 16:00, 16:00, 16:00, 16:26, 16:30, 16:30, 17:00, 17:00, 17:00, 17:26, 17:30, 17:30, 18:00, 18:00, 18:00, 18:26, 18:30, 18:30];[[5], [0, 1, 2, 3, 4], [6], [0, 1, 2, 3, 4], [5], [6], [5], [0, 1, 2, 3, 4], [6], [0, 1, 2, 3, 4], [5], [6], [5], [6], [0, 1, 2, 3, 4], [0, 1, 2, 3, 4], [6], [5], [0, 1, 2, 3, 4], [5], [6], [0, 1, 2, 3, 4], [6], [5], [0, 1, 2, 3, 4], [5], [6], [0, 1, 2, 3, 4], [5], [6], [6], [0, 1, 2, 3, 4], [5], [0, 1, 2, 3, 4], [5], [6], [0, 1, 2, 3, 4], [6], [5], [0, 1, 2, 3, 4], [5], [6], [5], [0, 1, 2, 3, 4], [6], [0, 1, 2, 3, 4], [5], [6], [5], [0, 1, 2, 3, 4], [6], [0, 1, 2, 3, 4], [5], [6], [5], [0, 1, 2, 3, 4], [6], [0, 1, 2, 3, 4], [5], [6], [0, 1, 2, 3, 4], [6], [5], [0, 1, 2, 3, 4], [6], [5], [0, 1, 2, 3, 4], [6], [5], [0, 1, 2, 3, 4], [6], [5]]
61;Sausalito - Bolinas;[61001, 61802, 61502, 61002, 61801, 61501, 61804, 61504, 61003, 61803, 61503, 61005, 61806, 61506, 61004, 61808, 61508, 61006, 61805, 61505, 61007, 61810, 61510, 61807, 61507, 61812, 61512, 61009, 61809, 61509, 61008, 61811, 61511, 61814, 61514, 61813, 61513, 61816, 61010, 61516, 61011, 61815, 61515, 61012];[07:00, 08:05, 08:05, 08:35, 09:40, 09:40, 09:50, 09:50, 10:40, 11:25, 11:25, 11:40, 11:55, 11:55, 12:10, 12:55, 12:55, 13:10, 13:30, 13:30, 13:40, 13:50, 13:50, 14:30, 14:30, 14:40, 14:40, 15:15, 15:25, 15:25, 15:30, 15:55, 15:55, 16:15, 16:15, 16:55, 16:55, 17:00, 17:00, 17:00, 17:30, 18:30, 18:30, 19:00];[[0, 1, 2, 3, 4], [6], [5], [0, 1, 2, 3, 4], [6], [5], [6], [5], [0, 1, 2, 3, 4], [6], [5], [0, 1, 2, 3, 4], [6], [5], [0, 1, 2, 3, 4], [6], [5], [0, 1, 2, 3, 4], [6], [5], [0, 1, 2, 3, 4], [6], [5], [6], [5], [6], [5], [0, 1, 2, 3, 4], [6], [5], [0, 1, 2, 3, 4], [6], [5], [6], [5], [6], [5], [6], [0, 1, 2, 3, 4], [5], [0, 1, 2, 3, 4], [6], [5], [0, 1, 2, 3, 4]]
219;Tiburon - Strawberry;[219001, 219002, 219003, 219801, 219501, 219004, 219802, 219502, 219005, 219803, 219503, 219006, 219804, 219504, 219007, 219805, 219505, 219806, 219506, 219008, 219807, 219507, 219009, 219808, 219508, 219010, 219509, 219809, 219011, 219510, 219810, 219811, 219511, 219012, 219812, 219512, 219013, 219513, 219813, 219514, 219814, 219014, 219815, 219515, 219015, 219816, 219516, 219016, 219517, 219817, 219017, 219518, 219818, 219018, 219519, 219819, 219019, 219520, 219820, 219020, 219521, 219821, 219522, 219822, 219021, 219523, 219823, 219022, 219524, 219824, 219023, 219525, 219825, 219024, 219526, 219826, 219025, 219827, 219527, 219026, 219828, 219528, 219027, 219529, 219829, 219028, 219029, 219530, 219830, 219531, 219831, 219030, 219532, 219832, 219031, 219833, 219533, 219032, 219834, 219534, 219033, 219034];[06:17, 06:41, 07:02, 07:17, 07:17, 07:18, 07:33, 07:33, 07:40, 08:00, 08:00, 08:04, 08:16, 08:16, 08:32, 08:47, 08:47, 09:03, 09:03, 09:13, 09:30, 09:30, 09:32, 09:46, 09:46, 10:07, 10:17, 10:17, 10:31, 10:33, 10:33, 11:00, 11:00, 11:07, 11:16, 11:16, 11:31, 11:47, 11:47, 12:03, 12:03, 12:07, 12:30, 12:30, 12:31, 12:46, 12:46, 13:04, 13:17, 13:17, 13:31, 13:47, 13:47, 13:54, 14:03, 14:03, 14:24, 14:28, 14:28, 14:46, 14:47, 14:47, 15:17, 15:17, 15:20, 15:33, 15:33, 15:47, 15:58, 15:58, 16:09, 16:17, 16:17, 16:30, 16:47, 16:47, 17:02, 17:03, 17:03, 17:20, 17:30, 17:30, 17:39, 17:47, 17:47, 17:55, 18:17, 18:19, 18:19, 18:33, 18:33, 18:58, 19:00, 19:00, 19:16, 19:17, 19:17, 19:40, 19:46, 19:46, 20:16, 20:40];[[0, 1, 2, 3, 4], [0, 1, 2, 3, 4], [0, 1, 2, 3, 4], [6], [5], [0, 1, 2, 3, 4], [6], [5], [0, 1, 2, 3, 4], [6], [5], [0, 1, 2, 3, 4], [6], [5], [0, 1, 2, 3, 4], [6], [5], [6], [5], [0, 1, 2, 3, 4], [6], [5], [0, 1, 2, 3, 4], [6], [5], [0, 1, 2, 3, 4], [5], [6], [0, 1, 2, 3, 4], [5], [6], [6], [5], [0, 1, 2, 3, 4], [6], [5], [0, 1, 2, 3, 4], [5], [6], [5], [6], [0, 1, 2, 3, 4], [6], [5], [0, 1, 2, 3, 4], [6], [5], [0, 1, 2, 3, 4], [5], [6], [0, 1, 2, 3, 4], [5], [6], [0, 1, 2, 3, 4], [5], [6], [0, 1, 2, 3, 4], [5], [6], [0, 1, 2, 3, 4], [5], [6], [5], [6], [0, 1, 2, 3, 4], [5], [6], [0, 1, 2, 3, 4], [5], [6], [0, 1, 2, 3, 4], [5], [6], [0, 1, 2, 3, 4], [5], [6], [0, 1, 2, 3, 4], [6], [5], [0, 1, 2, 3, 4], [6], [5], [0, 1, 2, 3, 4], [5], [6], [0, 1, 2, 3, 4], [0, 1, 2, 3, 4], [5], [6], [5], [6], [0, 1, 2, 3, 4], [5], [6], [0, 1, 2, 3, 4], [6], [5], [0, 1, 2, 3, 4], [6], [5], [0, 1, 2, 3, 4], [0, 1, 2, 3, 4]]
