101;101;[19053430, 19054755, 19052239, 19053423, 19053455, 19054778, 19052262, 19054763, 19052247, 19054747, 19052231, 19053439, 19053447, 19053475, 19054772, 19052256, 19053463, 19053448, 19054785, 19052269, 19054756, 19052240, 19053469, 19053431, 19053424, 19054779, 19052263, 19054764, 19052248, 19053456, 19054790, 19052274, 19053440, 19054748, 19052232, 19053476, 19054797, 19052281, 19053464, 19054773, 19052257, 19054786, 19052270, 19053449, 19053470, 19054757, 19052241, 19054765, 19052249, 19053481, 19053432, 19054780, 19052264, 19054749, 19052233, 19053425, 19053457, 19054791, 19052275, 19054774, 19052258, 19053441, 19053477, 19054798, 19052282, 19053465, 19054758, 19052242, 19053450, 19054787, 19052271, 19053471, 19054781, 19052265, 19053482, 19054766, 19052250, 19053433, 19054792, 19052276, 19053426, 19054750, 19052234, 19054802, 19052286, 19053458, 19053442, 19054775, 19052259, 19054799, 19052283, 19053478, 19053466, 19054759, 19052243, 19054788, 19052272, 19053451, 19054782, 19052266, 19053472, 19054767, 19052251, 19053483, 19054793, 19052277, 19053434, 19054751, 19052235, 19053427, 19053459, 19054803, 19052287, 19053443, 19054776, 19052260, 19053479, 19054800, 19052284, 19053467, 19054760, 19052244, 19053452, 19053473, 19054789, 19052273, 19054783, 19052267, 19053484, 19053435, 19054768, 19052252, 19054794, 19052278, 19053428, 19054752, 19052236, 19053460, 19054804, 19052288, 19053444, 19054777, 19052261, 19053480, 19054801, 19052285, 19053468, 19054761, 19052245, 19053453, 19054769, 19052253, 19053474, 19054784, 19052268, 19053485, 19053436, 19054795, 19052279, 19053429, 19054753, 19052237, 19053461, 19054805, 19052289, 19053454, 19053445, 19054770, 19052254, 19054762, 19052246, 19053446, 19054754, 19052238, 19054796, 19052280, 19053437, 19053438, 19053462, 19054771, 19052255];[05:08, 05:11, 05:11, 05:28, 05:38, 05:38, 05:38, 05:44, 05:44, 05:47, 05:47, 05:52, 05:52, 06:08, 06:14, 06:14, 06:16, 06:38, 06:41, 06:41, 06:42, 06:42, 06:43, 07:07, 07:08, 07:09, 07:09, 07:11, 07:11, 07:33, 07:35, 07:35, 07:38, 07:41, 07:41, 08:03, 08:04, 08:04, 08:08, 08:11, 08:11, 08:32, 08:32, 08:33, 08:38, 08:41, 08:41, 09:01, 09:01, 09:03, 09:08, 09:11, 09:11, 09:30, 09:30, 09:32, 09:38, 09:41, 09:41, 09:59, 09:59, 10:00, 10:08, 10:11, 10:11, 10:30, 10:30, 10:30, 10:38, 10:41, 10:41, 10:57, 10:57, 10:57, 11:08, 11:10, 11:10, 11:25, 11:25, 11:25, 11:38, 11:38, 11:38, 11:52, 11:52, 11:55, 12:08, 12:08, 12:08, 12:21, 12:21, 12:25, 12:38, 12:38, 12:38, 12:50, 12:50, 12:53, 13:07, 13:07, 13:08, 13:19, 13:19, 13:23, 13:37, 13:37, 13:38, 13:49, 13:49, 13:52, 14:08, 14:08, 14:08, 14:16, 14:20, 14:20, 14:38, 14:39, 14:39, 14:43, 14:51, 14:51, 15:08, 15:10, 15:10, 15:10, 15:22, 15:22, 15:38, 15:39, 15:40, 15:40, 15:52, 15:52, 16:08, 16:10, 16:10, 16:13, 16:24, 16:24, 16:38, 16:40, 16:40, 16:47, 16:56, 16:56, 17:08, 17:10, 17:10, 17:25, 17:32, 17:32, 17:38, 17:40, 17:40, 18:00, 18:08, 18:10, 18:10, 18:33, 18:36, 18:36, 18:38, 18:40, 18:40, 19:38, 19:39, 19:40, 19:40, 19:41, 19:41, 20:38, 20:40, 20:40, 20:45, 20:45, 20:47, 21:38, 21:49, 21:50, 21:50];[[0, 1, 2, 3, 4], [5], [6], [0, 1, 2, 3, 4], [0, 1, 2, 3, 4], [5], [6], [5], [6], [5], [6], [0, 1, 2, 3, 4], [0, 1, 2, 3, 4], [0, 1, 2, 3, 4], [5], [6], [0, 1, 2, 3, 4], [0, 1, 2, 3, 4], [5], [6], [5], [6], [0, 1, 2, 3, 4], [0, 1, 2, 3, 4], [0, 1, 2, 3, 4], [5], [6], [5], [6], [0, 1, 2, 3, 4], [5], [6], [0, 1, 2, 3, 4], [5], [6], [0, 1, 2, 3, 4], [5], [6], [0, 1, 2, 3, 4], [5], [6], [5], [6], [0, 1, 2, 3, 4], [0, 1, 2, 3, 4], [5], [6], [5], [6], [0, 1, 2, 3, 4], [0, 1, 2, 3, 4], [5], [6], [5], [6], [0, 1, 2, 3, 4], [0, 1, 2, 3, 4], [5], [6], [5], [6], [0, 1, 2, 3, 4], [0, 1, 2, 3, 4], [5], [6], [0, 1, 2, 3, 4], [5], [6], [0, 1, 2, 3, 4], [5], [6], [0, 1, 2, 3, 4], [5], [6], [0, 1, 2, 3, 4], [5], [6], [0, 1, 2, 3, 4], [5], [6], [0, 1, 2, 3, 4], [5], [6], [5], [6], [0, 1, 2, 3, 4], [0, 1, 2, 3, 4], [5], [6], [5], [6], [0, 1, 2, 3, 4], [0, 1, 2, 3, 4], [5], [6], [5], [6], [0, 1, 2, 3, 4], [5], [6], [0, 1, 2, 3, 4], [5], [6], [0, 1, 2, 3, 4], [5], [6], [0, 1, 2, 3, 4], [5], [6], [0, 1, 2, 3, 4], [0, 1, 2, 3, 4], [5], [6], [0, 1, 2, 3, 4], [5], [6], [0, 1, 2, 3, 4], [5], [6], [0, 1, 2, 3, 4], [5], [6], [0, 1, 2, 3, 4], [0, 1, 2, 3, 4], [5], [6], [5], [6], [0, 1, 2, 3, 4], [0, 1, 2, 3, 4], [5], [6], [5], [6], [0, 1, 2, 3, 4], [5], [6], [0, 1, 2, 3, 4], [5], [6], [0, 1, 2, 3, 4], [5], [6], [0, 1, 2, 3, 4], [5], [6], [0, 1, 2, 3, 4], [5], [6], [0, 1, 2, 3, 4], [5], [6], [0, 1, 2, 3, 4], [5], [6], [0, 1, 2, 3, 4], [0, 1, 2, 3, 4], [5], [6], [0, 1, 2, 3, 4], [5], [6], [0, 1, 2, 3, 4], [5], [6], [0, 1, 2, 3, 4], [0, 1, 2, 3, 4], [5], [6], [5], [6], [0, 1, 2, 3, 4], [5], [6], [5], [6], [0, 1, 2, 3, 4], [0, 1, 2, 3, 4], [0, 1, 2, 3, 4], [5], [6]]
302;302;[19052796, 19052804, 19052807, 19054455, 19051640, 19052797, 19052805, 19054456, 19051641, 19052831, 19052798, 19054489, 19051674, 19052869, 19054457, 19051642, 19052832, 19054490, 19051675, 19052875, 19052886, 19054458, 19051643, 19052806, 19054491, 19051676, 19052808, 19052873, 19054459, 19051644, 19052840, 19054492, 19051677, 19052799, 19052887, 19054460, 19051645, 19052874, 19052800, 19054493, 19051678, 19052833, 19054461, 19051646, 19052834, 19052877, 19054494, 19051679, 19052888, 19054462, 19051647, 19052809, 19052810, 19054495, 19051680, 19052876, 19054463, 19051648, 19052889, 19052861, 19052841, 19054496, 19051681, 19052801, 19054464, 19051649, 19052802, 19052854, 19054465, 19054497, 19051650, 19051682, 19052835, 19052821, 19052822, 19054466, 19051651, 19052811, 19054498, 19051683, 19052842, 19052846, 19054467, 19051652, 19054499, 19051684, 19052847, 19052803, 19052836, 19052855, 19054468, 19054500, 19051653, 19051685, 19052823, 19052837, 19054469, 19054501, 19051654, 19051686, 19052812, 19052843, 19052844, 19052848, 19054470, 19054502, 19051655, 19051687, 19052885, 19052890, 19054471, 19054503, 19051656, 19051688, 19052856, 19052858, 19052884, 19052891, 19054472, 19054504, 19051657, 19051689, 19052838, 19052857, 19054473, 19054505, 19051658, 19051690, 19052872, 19052892, 19052813, 19052824, 19054474, 19054506, 19051659, 19051691, 19052878, 19052893, 19054475, 19054507, 19051660, 19051692, 19052845, 19052814, 19052883, 19052881, 19054476, 19054508, 19051661, 19051693, 19052859, 19052862, 19054477, 19054509, 19051662, 19051694, 19052882, 19052880, 19052849, 19052860, 19054478, 19054510, 19051663, 19051695, 19052879, 19052870, 19054479, 19054511, 19051664, 19051696, 19052839, 19052825, 19052871, 19054480, 19054512, 19051665, 19051697, 19052815, 19052826, 19052895, 19054481, 19054513, 19051666, 19051698, 19052894, 19052863, 19052816, 19054482, 19054514, 19051667, 19051699, 19052850, 19052864, 19052827, 19054483, 19054515, 19051668, 19051700, 19052896, 19052851, 19054516, 19051701, 19054484, 19051669, 19052817, 19052828, 19054517, 19051702, 19054485, 19051670, 19052865, 19052818, 19054518, 19051703, 19054486, 19051671, 19052852, 19052866, 19054519, 19051636, 19054487, 19051672, 19052829, 19052853, 19054520, 19051639, 19052819, 19052830, 19054488, 19054521, 19051637, 19051673, 19052867, 19052820, 19054522, 19051638, 19052868];[04:20, 04:47, 04:50, 05:05, 05:05, 05:16, 05:20, 05:35, 05:35, 05:46, 05:50, 05:50, 05:50, 06:04, 06:05, 06:05, 06:15, 06:20, 06:20, 06:23, 06:35, 06:35, 06:35, 06:43, 06:50, 06:50, 06:55, 07:02, 07:05, 07:05, 07:15, 07:20, 07:20, 07:22, 07:35, 07:35, 07:35, 07:42, 07:55, 07:55, 07:55, 08:01, 08:05, 08:05, 08:15, 08:21, 08:25, 08:25, 08:35, 08:40, 08:40, 08:41, 08:55, 08:55, 08:55, 08:58, 09:13, 09:13, 09:15, 09:18, 09:35, 09:35, 09:35, 09:38, 09:45, 09:45, 09:55, 09:58, 10:10, 10:10, 10:10, 10:10, 10:15, 10:17, 10:35, 10:35, 10:35, 10:37, 10:40, 10:40, 10:55, 10:57, 11:05, 11:05, 11:10, 11:10, 11:15, 11:16, 11:35, 11:35, 11:35, 11:35, 11:35, 11:35, 11:55, 11:55, 12:05, 12:05, 12:05, 12:05, 12:15, 12:15, 12:35, 12:35, 12:35, 12:35, 12:35, 12:35, 12:54, 12:55, 13:05, 13:05, 13:05, 13:05, 13:13, 13:15, 13:33, 13:35, 13:35, 13:35, 13:35, 13:35, 13:53, 13:55, 14:05, 14:05, 14:05, 14:05, 14:09, 14:15, 14:29, 14:35, 14:35, 14:35, 14:35, 14:35, 14:49, 14:55, 15:05, 15:05, 15:05, 15:05, 15:09, 15:15, 15:29, 15:35, 15:35, 15:35, 15:35, 15:35, 15:49, 15:55, 16:05, 16:05, 16:05, 16:05, 16:09, 16:15, 16:30, 16:35, 16:35, 16:35, 16:35, 16:35, 16:50, 16:55, 17:05, 17:05, 17:05, 17:05, 17:15, 17:16, 17:35, 17:35, 17:35, 17:35, 17:35, 17:37, 17:55, 17:57, 18:05, 18:05, 18:05, 18:05, 18:15, 18:21, 18:35, 18:35, 18:35, 18:35, 18:35, 18:42, 18:55, 19:03, 19:05, 19:05, 19:05, 19:05, 19:24, 19:25, 19:35, 19:35, 19:40, 19:40, 19:49, 19:55, 20:05, 20:05, 20:10, 20:10, 20:19, 20:25, 20:35, 20:35, 20:40, 20:40, 20:50, 20:55, 21:05, 21:05, 21:10, 21:10, 21:21, 21:25, 21:35, 21:35, 21:51, 21:55, 22:05, 22:05, 22:05, 22:05, 22:23, 22:25, 23:00, 23:00, 23:10];[[0, 1, 2, 3, 4], [0, 1, 2, 3, 4], [0, 1, 2, 3, 4], [5], [6], [0, 1, 2, 3, 4], [0, 1, 2, 3, 4], [5], [6], [0, 1, 2, 3, 4], [0, 1, 2, 3, 4], [5], [6], [0, 1, 2, 3, 4], [5], [6], [0, 1, 2, 3, 4], [5], [6], [0, 1, 2, 3, 4], [0, 1, 2, 3, 4], [5], [6], [0, 1, 2, 3, 4], [5], [6], [0, 1, 2, 3, 4], [0, 1, 2, 3, 4], [5], [6], [0, 1, 2, 3, 4], [5], [6], [0, 1, 2, 3, 4], [0, 1, 2, 3, 4], [5], [6], [0, 1, 2, 3, 4], [0, 1, 2, 3, 4], [5], [6], [0, 1, 2, 3, 4], [5], [6], [0, 1, 2, 3, 4], [0, 1, 2, 3, 4], [5], [6], [0, 1, 2, 3, 4], [5], [6], [0, 1, 2, 3, 4], [0, 1, 2, 3, 4], [5], [6], [0, 1, 2, 3, 4], [5], [6], [0, 1, 2, 3, 4], [0, 1, 2, 3, 4], [0, 1, 2, 3, 4], [5], [6], [0, 1, 2, 3, 4], [5], [6], [0, 1, 2, 3, 4], [0, 1, 2, 3, 4], [5], [5], [6], [6], [0, 1, 2, 3, 4], [0, 1, 2, 3, 4], [0, 1, 2, 3, 4], [5], [6], [0, 1, 2, 3, 4], [5], [6], [0, 1, 2, 3, 4], [0, 1, 2, 3, 4], [5], [6], [5], [6], [0, 1, 2, 3, 4], [0, 1, 2, 3, 4], [0, 1, 2, 3, 4], [0, 1, 2, 3, 4], [5], [5], [6], [6], [0, 1, 2, 3, 4], [0, 1, 2, 3, 4], [5], [5], [6], [6], [0, 1, 2, 3, 4], [0, 1, 2, 3, 4], [0, 1, 2, 3, 4], [0, 1, 2, 3, 4], [5], [5], [6], [6], [0, 1, 2, 3, 4], [0, 1, 2, 3, 4], [5], [5], [6], [6], [0, 1, 2, 3, 4], [0, 1, 2, 3, 4], [0, 1, 2, 3, 4], [0, 1, 2, 3, 4], [5], [5], [6], [6], [0, 1, 2, 3, 4], [0, 1, 2, 3, 4], [5], [5], [6], [6], [0, 1, 2, 3, 4], [0, 1, 2, 3, 4], [0, 1, 2, 3, 4], [0, 1, 2, 3, 4], [5], [5], [6], [6], [0, 1, 2, 3, 4], [0, 1, 2, 3, 4], [5], [5], [6], [6], [0, 1, 2, 3, 4], [0, 1, 2, 3, 4], [0, 1, 2, 3, 4], [0, 1, 2, 3, 4], [5], [5], [6], [6], [0, 1, 2, 3, 4], [0, 1, 2, 3, 4], [5], [5], [6], [6], [0, 1, 2, 3, 4], [0, 1, 2, 3, 4], [0, 1, 2, 3, 4], [0, 1, 2, 3, 4], [5], [5], [6], [6], [0, 1, 2, 3, 4], [0, 1, 2, 3, 4], [5], [5], [6], [6], [0, 1, 2, 3, 4], [0, 1, 2, 3, 4], [0, 1, 2, 3, 4], [5], [5], [6], [6], [0, 1, 2, 3, 4], [0, 1, 2, 3, 4], [0, 1, 2, 3, 4], [5], [5], [6], [6], [0, 1, 2, 3, 4], [0, 1, 2, 3, 4], [0, 1, 2, 3, 4], [5], [5], [6], [6], [0, 1, 2, 3, 4], [0, 1, 2, 3, 4], [0, 1, 2, 3, 4], [5], [5], [6], [6], [0, 1, 2, 3, 4], [0, 1, 2, 3, 4], [5], [6], [5], [6], [0, 1, 2, 3, 4], [0, 1, 2, 3, 4], [5], [6], [5], [6], [0, 1, 2, 3, 4], [0, 1, 2, 3, 4], [5], [6], [5], [6], [0, 1, 2, 3, 4], [0, 1, 2, 3, 4], [5], [6], [5], [6], [0, 1, 2, 3, 4], [0, 1, 2, 3, 4], [5], [6], [0, 1, 2, 3, 4], [0, 1, 2, 3, 4], [5], [5], [6], [6], [0, 1, 2, 3, 4], [0, 1, 2, 3, 4], [5], [6], [0, 1, 2, 3, 4]]
303;303;[19052662, 19052670, 19052679, 19055129, 19052160, 19052671, 19052663, 19055130, 19052161, 19052686, 19055131, 19052162, 19052680, 19052708, 19055132, 19052163, 19052672, 19055168, 19052199, 19052732, 19055133, 19052164, 19052673, 19055169, 19052200, 19052733, 19052681, 19052753, 19055134, 19052165, 19052734, 19055170, 19052201, 19052709, 19052762, 19052764, 19055135, 19052166, 19055171, 19052202, 19052664, 19052722, 19052754, 19055136, 19055191, 19052167, 19052222, 19052735, 19052761, 19052763, 19055137, 19055172, 19052168, 19052203, 19052682, 19052710, 19055183, 19052214, 19055173, 19052204, 19052723, 19052736, 19055138, 19052169, 19052755, 19055192, 19052223, 19052704, 19052711, 19055139, 19052170, 19055174, 19052205, 19052737, 19052756, 19055184, 19052215, 19055175, 19052206, 19052687, 19052705, 19055140, 19052171, 19055193, 19052224, 19052729, 19055141, 19052172, 19052688, 19055176, 19052207, 19052724, 19055185, 19052216, 19052730, 19055177, 19052208, 19052712, 19055142, 19052173, 19052725, 19055194, 19052225, 19052706, 19055143, 19052174, 19052713, 19052692, 19055178, 19052209, 19055186, 19052217, 19052707, 19052689, 19055179, 19052210, 19055144, 19052175, 19052693, 19052683, 19055195, 19052226, 19055145, 19052176, 19052690, 19052675, 19055180, 19052211, 19055187, 19052218, 19052731, 19052674, 19055181, 19052212, 19055146, 19052177, 19052726, 19052738, 19055196, 19052227, 19055147, 19052178, 19052658, 19052745, 19055123, 19052154, 19055188, 19052219, 19052669, 19052714, 19055125, 19052156, 19055148, 19052179, 19052739, 19052746, 19055197, 19052228, 19055149, 19052180, 19052740, 19052659, 19055113, 19052144, 19055189, 19052220, 19052665, 19052747, 19055120, 19052151, 19052741, 19055150, 19052181, 19052694, 19055198, 19052229, 19052684, 19055151, 19052182, 19052748, 19052742, 19055126, 19052157, 19055190, 19052221, 19052727, 19052691, 19055121, 19052152, 19052749, 19055152, 19052183, 19052760, 19052766, 19055199, 19052230, 19052743, 19052685, 19055153, 19052184, 19055118, 19052149, 19052750, 19052715, 19052744, 19055124, 19052155, 19052728, 19055154, 19052185, 19052660, 19052767, 19052765, 19055128, 19052159, 19052751, 19055155, 19052186, 19052695, 19052716, 19055117, 19052148, 19055156, 19052187, 19052666, 19052752, 19052661, 19055122, 19052153, 19052717, 19055157, 19052188, 19052696, 19052757, 19055127, 19052158, 19052758, 19055158, 19052189, 19052676, 19052667, 19055116, 19052147, 19052700, 19055159, 19052190, 19052718, 19055182, 19052213, 19052759, 19055160, 19052191, 19052697, 19052677, 19055114, 19052145, 19055161, 19052192, 19052668, 19052701, 19055162, 19052193, 19052698, 19055115, 19052146, 19052719, 19055163, 19052194, 19052678, 19055164, 19052195, 19052720, 19055119, 19052150, 19052702, 19055165, 19052196, 19052699, 19055166, 19052197, 19052721, 19055167, 19052198, 19052703];[03:57, 04:06, 04:27, 04:33, 04:33, 04:52, 05:05, 05:07, 05:07, 05:22, 05:34, 05:34, 05:35, 05:49, 06:03, 06:03, 06:05, 06:06, 06:06, 06:16, 06:31, 06:31, 06:35, 06:36, 06:36, 06:38, 06:51, 06:55, 06:58, 06:58, 07:06, 07:06, 07:06, 07:10, 07:21, 07:25, 07:25, 07:25, 07:36, 07:36, 07:40, 07:41, 07:55, 07:55, 07:55, 07:55, 07:55, 07:56, 08:10, 08:12, 08:15, 08:15, 08:15, 08:15, 08:25, 08:27, 08:32, 08:32, 08:35, 08:35, 08:40, 08:42, 08:52, 08:52, 08:55, 08:55, 08:55, 08:57, 09:10, 09:11, 09:11, 09:15, 09:15, 09:17, 09:30, 09:31, 09:31, 09:35, 09:35, 09:37, 09:50, 09:51, 09:51, 09:55, 09:55, 09:57, 10:07, 10:07, 10:10, 10:15, 10:15, 10:16, 10:26, 10:26, 10:30, 10:35, 10:35, 10:36, 10:45, 10:45, 10:50, 10:55, 10:55, 10:56, 11:02, 11:02, 11:10, 11:14, 11:15, 11:15, 11:22, 11:22, 11:30, 11:32, 11:35, 11:35, 11:42, 11:42, 11:50, 11:52, 11:55, 11:55, 12:02, 12:02, 12:10, 12:12, 12:15, 12:15, 12:22, 12:22, 12:30, 12:32, 12:35, 12:35, 12:39, 12:39, 12:50, 12:52, 12:55, 12:55, 12:59, 12:59, 13:10, 13:10, 13:15, 13:15, 13:19, 13:19, 13:29, 13:30, 13:35, 13:35, 13:39, 13:39, 13:45, 13:50, 13:55, 13:55, 13:59, 13:59, 14:01, 14:10, 14:15, 14:15, 14:20, 14:20, 14:21, 14:30, 14:35, 14:35, 14:40, 14:40, 14:40, 14:50, 14:55, 14:55, 14:59, 15:00, 15:00, 15:10, 15:14, 15:15, 15:15, 15:20, 15:20, 15:28, 15:30, 15:35, 15:35, 15:40, 15:40, 15:40, 15:43, 15:55, 15:55, 15:55, 16:03, 16:10, 16:12, 16:12, 16:15, 16:15, 16:25, 16:26, 16:33, 16:36, 16:36, 16:40, 16:43, 16:43, 16:49, 16:55, 17:05, 17:06, 17:06, 17:10, 17:14, 17:14, 17:25, 17:25, 17:36, 17:36, 17:44, 17:44, 17:48, 17:53, 18:05, 18:06, 18:06, 18:11, 18:15, 18:15, 18:25, 18:34, 18:36, 18:36, 18:45, 18:46, 18:46, 18:54, 19:05, 19:06, 19:06, 19:17, 19:21, 19:21, 19:35, 19:36, 19:36, 19:39, 19:50, 19:50, 20:03, 20:05, 20:06, 20:06, 20:25, 20:25, 20:33, 20:35, 20:58, 20:58, 21:05, 21:06, 21:06, 21:07, 21:32, 21:32, 21:38, 22:01, 22:01, 22:05, 22:06, 22:06, 22:16, 22:34, 22:34, 22:46, 23:04, 23:04, 23:16, 23:35, 23:35, 23:48];[[0, 1, 2, 3, 4], [0, 1, 2, 3, 4], [0, 1, 2, 3, 4], [5], [6], [0, 1, 2, 3, 4], [0, 1, 2, 3, 4], [5], [6], [0, 1, 2, 3, 4], [5], [6], [0, 1, 2, 3, 4], [0, 1, 2, 3, 4], [5], [6], [0, 1, 2, 3, 4], [5], [6], [0, 1, 2, 3, 4], [5], [6], [0, 1, 2, 3, 4], [5], [6], [0, 1, 2, 3, 4], [0, 1, 2, 3, 4], [0, 1, 2, 3, 4], [5], [6], [0, 1, 2, 3, 4], [5], [6], [0, 1, 2, 3, 4], [0, 1, 2, 3, 4], [0, 1, 2, 3, 4], [5], [6], [5], [6], [0, 1, 2, 3, 4], [0, 1, 2, 3, 4], [0, 1, 2, 3, 4], [5], [5], [6], [6], [0, 1, 2, 3, 4], [0, 1, 2, 3, 4], [0, 1, 2, 3, 4], [5], [5], [6], [6], [0, 1, 2, 3, 4], [0, 1, 2, 3, 4], [5], [6], [5], [6], [0, 1, 2, 3, 4], [0, 1, 2, 3, 4], [5], [6], [0, 1, 2, 3, 4], [5], [6], [0, 1, 2, 3, 4], [0, 1, 2, 3, 4], [5], [6], [5], [6], [0, 1, 2, 3, 4], [0, 1, 2, 3, 4], [5], [6], [5], [6], [0, 1, 2, 3, 4], [0, 1, 2, 3, 4], [5], [6], [5], [6], [0, 1, 2, 3, 4], [5], [6], [0, 1, 2, 3, 4], [5], [6], [0, 1, 2, 3, 4], [5], [6], [0, 1, 2, 3, 4], [5], [6], [0, 1, 2, 3, 4], [5], [6], [0, 1, 2, 3, 4], [5], [6], [0, 1, 2, 3, 4], [5], [6], [0, 1, 2, 3, 4], [0, 1, 2, 3, 4], [5], [6], [5], [6], [0, 1, 2, 3, 4], [0, 1, 2, 3, 4], [5], [6], [5], [6], [0, 1, 2, 3, 4], [0, 1, 2, 3, 4], [5], [6], [5], [6], [0, 1, 2, 3, 4], [0, 1, 2, 3, 4], [5], [6], [5], [6], [0, 1, 2, 3, 4], [0, 1, 2, 3, 4], [5], [6], [5], [6], [0, 1, 2, 3, 4], [0, 1, 2, 3, 4], [5], [6], [5], [6], [0, 1, 2, 3, 4], [0, 1, 2, 3, 4], [5], [6], [5], [6], [0, 1, 2, 3, 4], [0, 1, 2, 3, 4], [5], [6], [5], [6], [0, 1, 2, 3, 4], [0, 1, 2, 3, 4], [5], [6], [5], [6], [0, 1, 2, 3, 4], [0, 1, 2, 3, 4], [5], [6], [5], [6], [0, 1, 2, 3, 4], [0, 1, 2, 3, 4], [5], [6], [0, 1, 2, 3, 4], [5], [6], [0, 1, 2, 3, 4], [5], [6], [0, 1, 2, 3, 4], [5], [6], [0, 1, 2, 3, 4], [0, 1, 2, 3, 4], [5], [6], [5], [6], [0, 1, 2, 3, 4], [0, 1, 2, 3, 4], [5], [6], [0, 1, 2, 3, 4], [5], [6], [0, 1, 2, 3, 4], [0, 1, 2, 3, 4], [5], [6], [0, 1, 2, 3, 4], [0, 1, 2, 3, 4], [5], [6], [5], [6], [0, 1, 2, 3, 4], [0, 1, 2, 3, 4], [0, 1, 2, 3, 4], [5], [6], [0, 1, 2, 3, 4], [5], [6], [0, 1, 2, 3, 4], [0, 1, 2, 3, 4], [0, 1, 2, 3, 4], [5], [6], [0, 1, 2, 3, 4], [5], [6], [0, 1, 2, 3, 4], [0, 1, 2, 3, 4], [5], [6], [5], [6], [0, 1, 2, 3, 4], [0, 1, 2, 3, 4], [0, 1, 2, 3, 4], [5], [6], [0, 1, 2, 3, 4], [5], [6], [0, 1, 2, 3, 4], [0, 1, 2, 3, 4], [5], [6], [0, 1, 2, 3, 4], [5], [6], [0, 1, 2, 3, 4], [0, 1, 2, 3, 4], [5], [6], [0, 1, 2, 3, 4], [5], [6], [0, 1, 2, 3, 4], [5], [6], [0, 1, 2, 3, 4], [5], [6], [0, 1, 2, 3, 4], [0, 1, 2, 3, 4], [5], [6], [5], [6], [0, 1, 2, 3, 4], [0, 1, 2, 3, 4], [5], [6], [0, 1, 2, 3, 4], [5], [6], [0, 1, 2, 3, 4], [5], [6], [0, 1, 2, 3, 4], [5], [6], [0, 1, 2, 3, 4], [5], [6], [0, 1, 2, 3, 4], [5], [6], [0, 1, 2, 3, 4], [5], [6], [0, 1, 2, 3, 4], [5], [6], [0, 1, 2, 3, 4]]
304;304;[19053091, 19053101, 19053092, 19053110, 19053130, 19053093, 19053102, 19053134, 19053137, 19066647, 19066668, 19053094, 19053103, 19066629, 19066655, 19053117, 19053111, 19053113, 19066639, 19066669, 19053104, 19066648, 19066656, 19053112, 19053131, 19053105, 19053114, 19066640, 19066657, 19066630, 19066670, 19053095, 19053106, 19066649, 19066671, 19066631, 19066658, 19053115, 19053096, 19066650, 19066659, 19066641, 19066672, 19066632, 19066673, 19053107, 19053116, 19066642, 19066660, 19053108, 19053097, 19066633, 19066661, 19066651, 19066674, 19053138, 19053123, 19053136, 19066643, 19066675, 19066652, 19066662, 19053135, 19053118, 19053124, 19053109, 19066634, 19066676, 19066644, 19066663, 19053129, 19053126, 19066653, 19066677, 19053119, 19066635, 19066664, 19053125, 19053132, 19053099, 19066654, 19066665, 19066645, 19066678, 19053127, 19053120, 19053098, 19066636, 19066679, 19066646, 19066666, 19053139, 19053100, 19066637, 19066667, 19066638, 19066680, 19053121, 19053128, 19053133, 19053122];[04:30, 05:15, 05:30, 05:45, 05:50, 06:15, 06:20, 06:44, 06:45, 06:53, 06:53, 07:12, 07:14, 07:22, 07:22, 07:39, 07:45, 08:15, 08:15, 08:15, 08:17, 08:36, 08:36, 08:40, 08:45, 09:05, 09:15, 09:17, 09:17, 09:23, 09:23, 10:04, 10:15, 10:23, 10:23, 10:35, 10:35, 11:04, 11:15, 11:22, 11:22, 11:23, 11:23, 12:14, 12:14, 12:15, 12:18, 12:21, 12:21, 13:11, 13:14, 13:15, 13:15, 13:23, 13:23, 13:44, 14:14, 14:14, 14:23, 14:23, 14:35, 14:35, 14:41, 14:44, 15:11, 15:14, 15:23, 15:23, 15:25, 15:25, 15:43, 15:49, 16:13, 16:13, 16:16, 16:21, 16:21, 16:24, 16:53, 16:59, 17:19, 17:19, 17:23, 17:23, 17:24, 17:50, 18:05, 18:23, 18:23, 18:35, 18:35, 18:39, 18:43, 19:20, 19:20, 19:23, 19:23, 19:40, 19:50, 20:43, 20:50];[[0, 1, 2, 3, 4], [0, 1, 2, 3, 4], [0, 1, 2, 3, 4], [0, 1, 2, 3, 4], [0, 1, 2, 3, 4], [0, 1, 2, 3, 4], [0, 1, 2, 3, 4], [0, 1, 2, 3, 4], [0, 1, 2, 3, 4], [5], [6], [0, 1, 2, 3, 4], [0, 1, 2, 3, 4], [5], [6], [0, 1, 2, 3, 4], [0, 1, 2, 3, 4], [0, 1, 2, 3, 4], [5], [6], [0, 1, 2, 3, 4], [5], [6], [0, 1, 2, 3, 4], [0, 1, 2, 3, 4], [0, 1, 2, 3, 4], [0, 1, 2, 3, 4], [5], [6], [5], [6], [0, 1, 2, 3, 4], [0, 1, 2, 3, 4], [5], [6], [5], [6], [0, 1, 2, 3, 4], [0, 1, 2, 3, 4], [5], [6], [5], [6], [5], [6], [0, 1, 2, 3, 4], [0, 1, 2, 3, 4], [5], [6], [0, 1, 2, 3, 4], [0, 1, 2, 3, 4], [5], [6], [5], [6], [0, 1, 2, 3, 4], [0, 1, 2, 3, 4], [0, 1, 2, 3, 4], [5], [6], [5], [6], [0, 1, 2, 3, 4], [0, 1, 2, 3, 4], [0, 1, 2, 3, 4], [0, 1, 2, 3, 4], [5], [6], [5], [6], [0, 1, 2, 3, 4], [0, 1, 2, 3, 4], [5], [6], [0, 1, 2, 3, 4], [5], [6], [0, 1, 2, 3, 4], [0, 1, 2, 3, 4], [0, 1, 2, 3, 4], [5], [6], [5], [6], [0, 1, 2, 3, 4], [0, 1, 2, 3, 4], [0, 1, 2, 3, 4], [5], [6], [5], [6], [0, 1, 2, 3, 4], [0, 1, 2, 3, 4], [5], [6], [5], [6], [0, 1, 2, 3, 4], [0, 1, 2, 3, 4], [0, 1, 2, 3, 4], [0, 1, 2, 3, 4]]
305;305;[19053051, 19053015, 19053052, 19053016, 19054633, 19051823, 19053053, 19054639, 19051857, 19053017, 19053054, 19054627, 19051824, 19054634, 19051858, 19053018, 19053055, 19054646, 19051825, 19054628, 19051859, 19053014, 19053056, 19054640, 19051826, 19054647, 19051860, 19053019, 19053057, 19054635, 19051827, 19053020, 19054641, 19051861, 19053058, 19054629, 19051828, 19053021, 19054636, 19051862, 19053059, 19054648, 19051829, 19053022, 19054630, 19051863, 19053060, 19054642, 19051830, 19053090, 19053023, 19054637, 19054649, 19051831, 19051864, 19053061, 19053024, 19054631, 19054643, 19051832, 19051865, 19053062, 19054638, 19051866, 19053025, 19054650, 19051833, 19053063, 19054632, 19051867, 19053026, 19054644, 19051834, 19053064, 19054651, 19051868, 19053027, 19054652, 19051835, 19053065, 19054645, 19051869, 19053028, 19053066, 19054654, 19051836, 19054653, 19051870, 19053029, 19053067, 19054666, 19051837, 19054655, 19051871, 19053030, 19053068, 19054677, 19051838, 19054667, 19051872, 19053031, 19053069, 19054685, 19051839, 19053070, 19054678, 19051873, 19053032, 19053071, 19054656, 19051840, 19054686, 19051874, 19053033, 19053072, 19054668, 19051841, 19053075, 19054657, 19051875, 19053034, 19053073, 19054679, 19051842, 19054669, 19051876, 19053035, 19053074, 19054687, 19051843, 19054680, 19051808, 19053036, 19053076, 19054658, 19051844, 19054688, 19051809, 19053037, 19054670, 19051845, 19053077, 19054659, 19051822, 19053038, 19054681, 19051846, 19053078, 19054671, 19051821, 19053039, 19054689, 19051847, 19053079, 19054682, 19051820, 19053040, 19054660, 19051848, 19053080, 19054672, 19054690, 19051817, 19051849, 19053041, 19053081, 19054661, 19054683, 19051819, 19051850, 19053042, 19053082, 19054673, 19054691, 19051818, 19051851, 19053043, 19053083, 19054684, 19051816, 19054662, 19051852, 19053044, 19053084, 19054692, 19051812, 19054674, 19051853, 19053045, 19053085, 19054663, 19051811, 19054693, 19051854, 19053046, 19053086, 19054675, 19051813, 19053047, 19054664, 19051855, 19053087, 19054694, 19051814, 19053048, 19054665, 19051810, 19053088, 19053049, 19053089, 19054676, 19051856, 19054695, 19051815, 19053050];[04:21, 04:32, 04:50, 05:02, 05:15, 05:15, 05:16, 05:30, 05:30, 05:32, 05:44, 05:45, 05:45, 06:00, 06:00, 06:02, 06:11, 06:15, 06:15, 06:30, 06:30, 06:32, 06:39, 06:45, 06:45, 07:00, 07:00, 07:02, 07:06, 07:15, 07:15, 07:32, 07:35, 07:35, 07:36, 07:45, 07:45, 08:02, 08:05, 08:05, 08:06, 08:10, 08:10, 08:34, 08:35, 08:35, 08:38, 08:40, 08:40, 08:42, 09:04, 09:05, 09:05, 09:05, 09:05, 09:06, 09:32, 09:35, 09:35, 09:35, 09:35, 09:36, 10:00, 10:00, 10:02, 10:05, 10:05, 10:06, 10:30, 10:30, 10:32, 10:35, 10:35, 10:36, 11:00, 11:00, 11:02, 11:05, 11:05, 11:06, 11:30, 11:30, 11:32, 11:34, 11:35, 11:35, 12:00, 12:00, 12:02, 12:04, 12:05, 12:05, 12:30, 12:30, 12:32, 12:34, 12:35, 12:35, 13:00, 13:00, 13:02, 13:04, 13:05, 13:05, 13:21, 13:30, 13:30, 13:32, 13:34, 13:35, 13:35, 14:00, 14:00, 14:02, 14:04, 14:05, 14:05, 14:22, 14:30, 14:30, 14:32, 14:34, 14:35, 14:35, 15:00, 15:00, 15:02, 15:04, 15:05, 15:05, 15:30, 15:30, 15:32, 15:34, 15:35, 15:35, 16:00, 16:00, 16:02, 16:05, 16:05, 16:08, 16:30, 16:30, 16:32, 16:35, 16:35, 16:38, 17:00, 17:00, 17:02, 17:05, 17:05, 17:08, 17:30, 17:30, 17:32, 17:35, 17:35, 17:38, 18:00, 18:00, 18:00, 18:00, 18:02, 18:08, 18:30, 18:30, 18:30, 18:30, 18:32, 18:38, 19:00, 19:00, 19:00, 19:00, 19:02, 19:08, 19:25, 19:25, 19:30, 19:30, 19:32, 19:38, 19:50, 19:50, 20:00, 20:00, 20:02, 20:08, 20:20, 20:20, 20:30, 20:30, 20:32, 20:38, 20:50, 20:50, 21:02, 21:05, 21:05, 21:14, 21:20, 21:20, 21:32, 21:50, 21:50, 21:51, 22:02, 22:30, 22:30, 22:30, 23:10, 23:10, 23:12];[[0, 1, 2, 3, 4], [0, 1, 2, 3, 4], [0, 1, 2, 3, 4], [0, 1, 2, 3, 4], [5], [6], [0, 1, 2, 3, 4], [5], [6], [0, 1, 2, 3, 4], [0, 1, 2, 3, 4], [5], [6], [5], [6], [0, 1, 2, 3, 4], [0, 1, 2, 3, 4], [5], [6], [5], [6], [0, 1, 2, 3, 4], [0, 1, 2, 3, 4], [5], [6], [5], [6], [0, 1, 2, 3, 4], [0, 1, 2, 3, 4], [5], [6], [0, 1, 2, 3, 4], [5], [6], [0, 1, 2, 3, 4], [5], [6], [0, 1, 2, 3, 4], [5], [6], [0, 1, 2, 3, 4], [5], [6], [0, 1, 2, 3, 4], [5], [6], [0, 1, 2, 3, 4], [5], [6], [1], [0, 1, 2, 3, 4], [5], [5], [6], [6], [0, 1, 2, 3, 4], [0, 1, 2, 3, 4], [5], [5], [6], [6], [0, 1, 2, 3, 4], [5], [6], [0, 1, 2, 3, 4], [5], [6], [0, 1, 2, 3, 4], [5], [6], [0, 1, 2, 3, 4], [5], [6], [0, 1, 2, 3, 4], [5], [6], [0, 1, 2, 3, 4], [5], [6], [0, 1, 2, 3, 4], [5], [6], [0, 1, 2, 3, 4], [0, 1, 2, 3, 4], [5], [6], [5], [6], [0, 1, 2, 3, 4], [0, 1, 2, 3, 4], [5], [6], [5], [6], [0, 1, 2, 3, 4], [0, 1, 2, 3, 4], [5], [6], [5], [6], [0, 1, 2, 3, 4], [0, 1, 2, 3, 4], [5], [6], [2], [5], [6], [0, 1, 2, 3, 4], [0, 1, 2, 3, 4], [5], [6], [5], [6], [0, 1, 2, 3, 4], [0, 1, 2, 3, 4], [5], [6], [0, 1, 3, 4], [5], [6], [0, 1, 2, 3, 4], [0, 1, 2, 3, 4], [5], [6], [5], [6], [0, 1, 2, 3, 4], [0, 1, 2, 3, 4], [5], [6], [5], [6], [0, 1, 2, 3, 4], [0, 1, 2, 3, 4], [5], [6], [5], [6], [0, 1, 2, 3, 4], [5], [6], [0, 1, 2, 3, 4], [5], [6], [0, 1, 2, 3, 4], [5], [6], [0, 1, 2, 3, 4], [5], [6], [0, 1, 2, 3, 4], [5], [6], [0, 1, 2, 3, 4], [5], [6], [0, 1, 2, 3, 4], [5], [6], [0, 1, 2, 3, 4], [5], [5], [6], [6], [0, 1, 2, 3, 4], [0, 1, 2, 3, 4], [5], [5], [6], [6], [0, 1, 2, 3, 4], [0, 1, 2, 3, 4], [5], [5], [6], [6], [0, 1, 2, 3, 4], [0, 1, 2, 3, 4], [5], [6], [5], [6], [0, 1, 2, 3, 4], [0, 1, 2, 3, 4], [5], [6], [5], [6], [0, 1, 2, 3, 4], [0, 1, 2, 3, 4], [5], [6], [5], [6], [0, 1, 2, 3, 4], [0, 1, 2, 3, 4], [5], [6], [0, 1, 2, 3, 4], [5], [6], [0, 1, 2, 3, 4], [5], [6], [0, 1, 2, 3, 4], [5], [6], [0, 1, 2, 3, 4], [0, 1, 2, 3, 4], [0, 1, 2, 3, 4], [5], [6], [5], [6], [0, 1, 2, 3, 4]]
306;306;[19052604, 19052607, 19054699, 19052116, 19052609, 19052605, 19052626, 19052606, 19054715, 19052132, 19054700, 19052117, 19052608, 19052610, 19052611, 19052628, 19054701, 19054716, 19052118, 19052133, 19052615, 19052616, 19052631, 19052614, 19054702, 19054717, 19052119, 19052134, 19052612, 19052613, 19054703, 19052120, 19052627, 19054718, 19052135, 19052621, 19052622, 19054704, 19052121, 19054719, 19052136, 19052619, 19052620, 19054705, 19052122, 19054720, 19052137, 19052617, 19052618, 19054706, 19052123, 19054721, 19052138, 19052632, 19052625, 19054707, 19052124, 19054722, 19052139, 19052623, 19052630, 19054708, 19052125, 19054723, 19052140, 19052624, 19052629, 19054709, 19052126, 19054724, 19052141, 19052635, 19052633, 19054710, 19052127, 19054725, 19052142, 19052636, 19052634, 19054711, 19052128, 19054726, 19052143, 19052639, 19052637, 19052638, 19054697, 19052114, 19054712, 19052129, 19052641, 19052640, 19054698, 19052115, 19054713, 19052130, 19052642, 19052643, 19054696, 19052113, 19054714, 19052131, 19052644, 19052645];[05:07, 05:08, 05:11, 05:11, 05:34, 05:37, 06:02, 06:07, 06:07, 06:07, 06:09, 06:09, 06:30, 06:37, 06:54, 07:07, 07:07, 07:07, 07:07, 07:07, 07:22, 07:37, 07:58, 08:07, 08:07, 08:07, 08:07, 08:07, 08:31, 08:37, 09:05, 09:05, 09:07, 09:07, 09:07, 09:31, 09:37, 10:04, 10:04, 10:07, 10:07, 10:32, 10:37, 11:04, 11:04, 11:07, 11:07, 11:32, 11:37, 12:04, 12:04, 12:07, 12:07, 12:32, 12:37, 13:04, 13:04, 13:07, 13:07, 13:32, 13:37, 14:02, 14:02, 14:07, 14:07, 14:32, 14:37, 15:02, 15:02, 15:07, 15:07, 15:32, 15:37, 16:04, 16:04, 16:07, 16:07, 16:34, 16:37, 17:04, 17:04, 17:07, 17:07, 17:13, 17:36, 17:37, 18:07, 18:07, 18:08, 18:08, 18:37, 18:38, 19:07, 19:07, 19:09, 19:09, 19:37, 19:40, 20:07, 20:07, 20:09, 20:09, 20:37, 21:14];[[0, 1, 2, 3, 4], [0, 1, 2, 3, 4], [5], [6], [0, 1, 2, 3, 4], [0, 1, 2, 3, 4], [0, 1, 2, 3, 4], [0, 1, 2, 3, 4], [5], [6], [5], [6], [0, 1, 2, 3, 4], [0, 1, 2, 3, 4], [0, 1, 2, 3, 4], [0, 1, 2, 3, 4], [5], [5], [6], [6], [0, 1, 2, 3, 4], [0, 1, 2, 3, 4], [0, 1, 2, 3, 4], [0, 1, 2, 3, 4], [5], [5], [6], [6], [0, 1, 2, 3, 4], [0, 1, 2, 3, 4], [5], [6], [0, 1, 2, 3, 4], [5], [6], [0, 1, 2, 3, 4], [0, 1, 2, 3, 4], [5], [6], [5], [6], [0, 1, 2, 3, 4], [0, 1, 2, 3, 4], [5], [6], [5], [6], [0, 1, 2, 3, 4], [0, 1, 2, 3, 4], [5], [6], [5], [6], [0, 1, 2, 3, 4], [0, 1, 2, 3, 4], [5], [6], [5], [6], [0, 1, 2, 3, 4], [0, 1, 2, 3, 4], [5], [6], [5], [6], [0, 1, 2, 3, 4], [0, 1, 2, 3, 4], [5], [6], [5], [6], [0, 1, 2, 3, 4], [0, 1, 2, 3, 4], [5], [6], [5], [6], [0, 1, 2, 3, 4], [0, 1, 2, 3, 4], [5], [6], [5], [6], [0, 1, 2, 3, 4], [0, 1, 2, 3, 4], [0, 1, 2, 3, 4], [5], [6], [5], [6], [0, 1, 2, 3, 4], [0, 1, 2, 3, 4], [5], [6], [5], [6], [0, 1, 2, 3, 4], [0, 1, 2, 3, 4], [5], [6], [5], [6], [0, 1, 2, 3, 4], [0, 1, 2, 3, 4]]
308;308;[19053514, 19053522, 19053515, 19053516, 19054844, 19052087, 19053523, 19054858, 19052101, 19053517, 19053520, 19054845, 19052088, 19054846, 19052089, 19053524, 19052102, 19053521, 19054859, 19054860, 19052103, 19053518, 19054847, 19052090, 19053525, 19054848, 19052091, 19053532, 19054861, 19052104, 19053519, 19054862, 19052105, 19053526, 19054849, 19052092, 19053533, 19054850, 19052093, 19053527, 19053512, 19054863, 19052106, 19053513, 19054864, 19052107, 19053528, 19054851, 19052094, 19054852, 19052095, 19053506, 19053531, 19054865, 19052108, 19054866, 19052109, 19053507, 19054853, 19052096, 19053536, 19054854, 19052097, 19053529, 19054867, 19052110, 19053508, 19054868, 19052111, 19053509, 19053530, 19054855, 19052098, 19054856, 19052099, 19053534, 19054869, 19052112, 19053510, 19054857, 19052100, 19053511];[05:03, 06:03, 06:15, 07:03, 07:03, 07:03, 07:10, 08:03, 08:03, 08:06, 08:09, 08:11, 08:11, 09:03, 09:03, 09:09, 09:11, 09:12, 09:12, 10:03, 10:03, 10:09, 10:10, 10:10, 10:12, 11:03, 11:03, 11:09, 11:09, 11:09, 11:11, 12:03, 12:03, 12:09, 12:09, 12:09, 12:10, 13:03, 13:03, 13:06, 13:09, 13:09, 13:09, 14:00, 14:03, 14:03, 14:09, 14:09, 14:09, 15:03, 15:03, 15:06, 15:09, 15:09, 15:09, 16:03, 16:03, 16:09, 16:09, 16:09, 16:11, 17:03, 17:03, 17:09, 17:10, 17:10, 17:15, 18:03, 18:03, 18:11, 18:11, 18:12, 18:12, 19:03, 19:03, 19:09, 19:12, 19:12, 19:14, 20:12, 20:12, 20:32];[[0, 1, 2, 3, 4], [0, 1, 2, 3, 4], [0, 1, 2, 3, 4], [0, 1, 2, 3, 4], [5], [6], [0, 1, 2, 3, 4], [5], [6], [0, 1, 2, 3, 4], [0, 1, 2, 3, 4], [5], [6], [5], [6], [0, 1, 2, 3, 4], [6], [0, 1, 2, 3, 4], [5], [5], [6], [0, 1, 2, 3, 4], [5], [6], [0, 1, 2, 3, 4], [5], [6], [0, 1, 2, 3, 4], [5], [6], [0, 1, 2, 3, 4], [5], [6], [0, 1, 2, 3, 4], [5], [6], [0, 1, 2, 3, 4], [5], [6], [0, 1, 2, 3, 4], [0, 1, 2, 3, 4], [5], [6], [0, 1, 2, 3, 4], [5], [6], [0, 1, 2, 3, 4], [5], [6], [5], [6], [0, 1, 2, 3, 4], [0, 1, 2, 3, 4], [5], [6], [5], [6], [0, 1, 2, 3, 4], [5], [6], [0, 1, 2, 3, 4], [5], [6], [0, 1, 2, 3, 4], [5], [6], [0, 1, 2, 3, 4], [5], [6], [0, 1, 2, 3, 4], [0, 1, 2, 3, 4], [5], [6], [5], [6], [0, 1, 2, 3, 4], [5], [6], [0, 1, 2, 3, 4], [5], [6], [0, 1, 2, 3, 4]]
309;309;[19053173, 19053183, 19054531, 19051728, 19053191, 19054523, 19051705, 19053200, 19053174, 19053207, 19054546, 19051729, 19053184, 19054539, 19051706, 19053213, 19053192, 19053221, 19054524, 19051730, 19053201, 19054532, 19051707, 19053175, 19053227, 19053185, 19054540, 19051731, 19053208, 19054547, 19051708, 19053193, 19054564, 19051732, 19053214, 19054568, 19051709, 19053202, 19054555, 19051733, 19053222, 19054525, 19051710, 19053228, 19054533, 19051734, 19053176, 19054565, 19051711, 19053209, 19054561, 19051735, 19053186, 19054541, 19051712, 19053215, 19054548, 19051736, 19053194, 19054566, 19051704, 19053223, 19054553, 19051737, 19053203, 19054534, 19051713, 19053177, 19054526, 19051738, 19053229, 19054569, 19051714, 19053187, 19054558, 19051739, 19053210, 19054549, 19051715, 19053195, 19054542, 19051740, 19053216, 19054567, 19051716, 19053204, 19054556, 19051741, 19053224, 19054527, 19051717, 19053230, 19053178, 19054535, 19051742, 19054570, 19051718, 19053211, 19053188, 19054562, 19051743, 19054543, 19051719, 19053196, 19053217, 19053205, 19053225, 19054554, 19051744, 19054536, 19051720, 19053231, 19053179, 19053212, 19053189, 19054559, 19051745, 19054550, 19051721, 19053218, 19053197, 19053226, 19053206, 19054557, 19051746, 19054528, 19051722, 19053180, 19053232, 19054563, 19051747, 19053190, 19054560, 19051723, 19053219, 19053198, 19054551, 19051748, 19054544, 19051724, 19053181, 19053233, 19054529, 19051749, 19054537, 19051725, 19053199, 19053220, 19054545, 19051750, 19054552, 19051726, 19053182, 19054538, 19051751, 19054530, 19051727];[04:09, 04:39, 05:00, 05:00, 05:06, 05:15, 05:15, 05:32, 05:49, 06:00, 06:00, 06:00, 06:13, 06:15, 06:15, 06:27, 06:39, 06:57, 07:00, 07:00, 07:08, 07:15, 07:15, 07:23, 07:35, 07:53, 08:00, 08:00, 08:04, 08:15, 08:15, 08:24, 08:30, 08:30, 08:38, 08:45, 08:45, 08:58, 09:00, 09:00, 09:08, 09:15, 09:15, 09:28, 09:30, 09:30, 09:37, 09:45, 09:45, 09:55, 10:00, 10:00, 10:07, 10:15, 10:15, 10:25, 10:30, 10:30, 10:36, 10:45, 10:45, 10:53, 11:00, 11:00, 11:05, 11:15, 11:15, 11:20, 11:30, 11:30, 11:35, 11:45, 11:45, 11:56, 12:00, 12:00, 12:04, 12:15, 12:15, 12:26, 12:30, 12:30, 12:33, 12:45, 12:45, 12:56, 13:00, 13:00, 13:03, 13:15, 13:15, 13:26, 13:29, 13:30, 13:30, 13:45, 13:45, 13:55, 13:56, 14:00, 14:00, 14:15, 14:15, 14:24, 14:25, 14:52, 14:54, 15:00, 15:00, 15:15, 15:15, 15:20, 15:24, 15:51, 15:56, 16:00, 16:00, 16:15, 16:15, 16:23, 16:26, 16:54, 16:56, 17:00, 17:00, 17:15, 17:15, 17:25, 17:26, 18:00, 18:00, 18:01, 18:15, 18:15, 18:27, 18:39, 19:00, 19:00, 19:15, 19:15, 19:28, 19:40, 20:00, 20:00, 20:15, 20:15, 20:32, 20:43, 21:00, 21:00, 21:15, 21:15, 21:46, 22:00, 22:00, 22:15, 22:15];[[0, 1, 2, 3, 4], [0, 1, 2, 3, 4], [5], [6], [0, 1, 2, 3, 4], [5], [6], [0, 1, 2, 3, 4], [0, 1, 2, 3, 4], [0, 1, 2, 3, 4], [5], [6], [0, 1, 2, 3, 4], [5], [6], [0, 1, 2, 3, 4], [0, 1, 2, 3, 4], [0, 1, 2, 3, 4], [5], [6], [0, 1, 2, 3, 4], [5], [6], [0, 1, 2, 3, 4], [0, 1, 2, 3, 4], [0, 1, 2, 3, 4], [5], [6], [0, 1, 2, 3, 4], [5], [6], [0, 1, 2, 3, 4], [5], [6], [0, 1, 2, 3, 4], [5], [6], [0, 1, 2, 3, 4], [5], [6], [0, 1, 2, 3, 4], [5], [6], [0, 1, 2, 3, 4], [5], [6], [0, 1, 2, 3, 4], [5], [6], [0, 1, 2, 3, 4], [5], [6], [0, 1, 2, 3, 4], [5], [6], [0, 1, 2, 3, 4], [5], [6], [0, 1, 2, 3, 4], [5], [6], [0, 1, 2, 3, 4], [5], [6], [0, 1, 2, 3, 4], [5], [6], [0, 1, 2, 3, 4], [5], [6], [0, 1, 2, 3, 4], [5], [6], [0, 1, 2, 3, 4], [5], [6], [0, 1, 2, 3, 4], [5], [6], [0, 1, 2, 3, 4], [5], [6], [0, 1, 2, 3, 4], [5], [6], [0, 1, 2, 3, 4], [5], [6], [0, 1, 2, 3, 4], [5], [6], [0, 1, 2, 3, 4], [0, 1, 2, 3, 4], [5], [6], [5], [6], [0, 1, 2, 3, 4], [0, 1, 2, 3, 4], [5], [6], [5], [6], [0, 1, 2, 3, 4], [0, 1, 2, 3, 4], [0, 1, 2, 3, 4], [0, 1, 2, 3, 4], [5], [6], [5], [6], [0, 1, 2, 3, 4], [0, 1, 2, 3, 4], [0, 1, 2, 3, 4], [0, 1, 2, 3, 4], [5], [6], [5], [6], [0, 1, 2, 3, 4], [0, 1, 2, 3, 4], [0, 1, 2, 3, 4], [0, 1, 2, 3, 4], [5], [6], [5], [6], [0, 1, 2, 3, 4], [0, 1, 2, 3, 4], [5], [6], [0, 1, 2, 3, 4], [5], [6], [0, 1, 2, 3, 4], [0, 1, 2, 3, 4], [5], [6], [5], [6], [0, 1, 2, 3, 4], [0, 1, 2, 3, 4], [5], [6], [5], [6], [0, 1, 2, 3, 4], [0, 1, 2, 3, 4], [5], [6], [5], [6], [0, 1, 2, 3, 4], [5], [6], [5], [6]]
311;311;[19194138, 19194139, 19194142, 19194140, 19194143, 19194144, 19194154, 19194141, 19194152, 19194145, 19194153, 19194149, 19194146, 19194147, 19194150, 19194151, 19194148];[05:00, 05:53, 05:56, 06:27, 06:42, 07:21, 07:27, 07:33, 14:05, 14:19, 15:02, 15:19, 15:25, 16:19, 16:25, 17:19, 17:25];[[0, 1, 2, 3, 4], [0, 1, 2, 3, 4], [0, 1, 2, 3, 4], [0, 1, 2, 3, 4], [0, 1, 2, 3, 4], [0, 1, 2, 3, 4], [0, 1, 2, 3, 4], [0, 1, 2, 3, 4], [2], [0, 1, 2, 3, 4], [0, 1, 2, 3, 4], [0, 1, 2, 3, 4], [0, 1, 2, 3, 4], [0, 1, 2, 3, 4], [0, 1, 2, 3, 4], [0, 1, 2, 3, 4], [0, 1, 2, 3, 4]]
313;313;[19052573, 19052574, 19052561, 19052562, 19052575, 19052587, 19052563, 19052576, 19052564, 19052577, 19052578, 19052565, 19052566, 19052579, 19052567, 19052580, 19052581, 19052568, 19052569, 19052582, 19052559, 19052560, 19052570, 19052583, 19052571, 19052584, 19052572, 19052585, 19052586];[05:48, 06:36, 06:43, 07:33, 07:43, 07:44, 08:18, 08:46, 09:43, 09:44, 10:43, 10:44, 11:43, 11:44, 12:40, 12:43, 13:38, 13:54, 14:40, 14:54, 15:12, 15:35, 15:43, 15:43, 16:40, 16:43, 17:36, 17:37, 18:36];[[0, 1, 2, 3, 4], [0, 1, 2, 3, 4], [0, 1, 2, 3, 4], [0, 1, 2, 3, 4], [0, 1, 2, 3, 4], [0, 1, 2, 3, 4], [0, 1, 2, 3, 4], [0, 1, 2, 3, 4], [0, 1, 2, 3, 4], [0, 1, 2, 3, 4], [0, 1, 2, 3, 4], [0, 1, 2, 3, 4], [0, 1, 2, 3, 4], [0, 1, 2, 3, 4], [0, 1, 2, 3, 4], [0, 1, 2, 3, 4], [0, 1, 2, 3, 4], [0, 1, 2, 3, 4], [0, 1, 2, 3, 4], [0, 1, 2, 3, 4], [2], [0, 1, 3, 4], [0, 1, 2, 3, 4], [0, 1, 2, 3, 4], [0, 1, 2, 3, 4], [0, 1, 2, 3, 4], [0, 1, 2, 3, 4], [0, 1, 2, 3, 4], [0, 1, 2, 3, 4]]
315;315;[19053381, 19053379, 19053362, 19053364, 19053380, 19053363, 19127696, 19052074, 19053382, 19127692, 19052070, 19053365, 19127693, 19052071, 19053383, 19127701, 19052079, 19053361, 19127702, 19052080, 19127697, 19052075, 19053384, 19053366, 19127698, 19052076, 19053385, 19127694, 19052072, 19053367, 19127695, 19052073, 19053386, 19127703, 19052081, 19053368, 19127704, 19052082, 19053387, 19127699, 19052077, 19053369, 19127700, 19052078, 19053388, 19127683, 19052061, 19053370, 19127684, 19052062, 19053389, 19127685, 19052063, 19053371, 19127686, 19052064, 19053390, 19127690, 19052068, 19053372, 19127691, 19052069, 19053391, 19127679, 19052057, 19053373, 19127680, 19052058, 19053374, 19053392, 19127705, 19052083, 19053375, 19127706, 19052084, 19053393, 19127687, 19052065, 19053376, 19127688, 19052066, 19127681, 19052059, 19053394, 19127682, 19052060, 19053377, 19053395, 19127707, 19052085, 19053378, 19127708, 19052086, 19053396, 19127689, 19052067];[04:05, 05:02, 05:06, 05:22, 05:45, 06:20, 06:21, 06:21, 06:39, 06:58, 06:58, 06:59, 07:20, 07:20, 07:48, 07:56, 07:56, 07:58, 08:20, 08:20, 08:45, 08:45, 08:48, 09:16, 09:18, 09:18, 09:48, 09:52, 09:52, 10:16, 10:16, 10:16, 10:45, 10:51, 10:51, 11:15, 11:15, 11:15, 11:42, 11:51, 11:51, 12:15, 12:16, 12:16, 12:42, 12:45, 12:45, 13:13, 13:16, 13:16, 13:42, 13:51, 13:51, 14:11, 14:22, 14:22, 14:42, 14:51, 14:51, 15:14, 15:16, 15:16, 15:42, 15:49, 15:49, 16:14, 16:16, 16:16, 16:42, 16:42, 16:49, 16:49, 17:15, 17:16, 17:16, 17:45, 17:51, 17:51, 18:17, 18:17, 18:17, 18:41, 18:41, 18:45, 19:18, 19:18, 19:20, 19:45, 19:53, 19:53, 20:04, 20:19, 20:19, 20:45, 20:53, 20:53];[[0, 1, 2, 3, 4], [0, 1, 2, 3, 4], [0, 1, 2, 3, 4], [0, 1, 2, 3, 4], [0, 1, 2, 3, 4], [0, 1, 2, 3, 4], [5], [6], [0, 1, 2, 3, 4], [5], [6], [0, 1, 2, 3, 4], [5], [6], [0, 1, 2, 3, 4], [5], [6], [0, 1, 2, 3, 4], [5], [6], [5], [6], [0, 1, 2, 3, 4], [0, 1, 2, 3, 4], [5], [6], [0, 1, 2, 3, 4], [5], [6], [0, 1, 2, 3, 4], [5], [6], [0, 1, 2, 3, 4], [5], [6], [0, 1, 2, 3, 4], [5], [6], [0, 1, 2, 3, 4], [5], [6], [0, 1, 2, 3, 4], [5], [6], [0, 1, 2, 3, 4], [5], [6], [0, 1, 2, 3, 4], [5], [6], [0, 1, 2, 3, 4], [5], [6], [0, 1, 2, 3, 4], [5], [6], [0, 1, 2, 3, 4], [5], [6], [0, 1, 2, 3, 4], [5], [6], [0, 1, 2, 3, 4], [5], [6], [0, 1, 2, 3, 4], [5], [6], [0, 1, 2, 3, 4], [0, 1, 2, 3, 4], [5], [6], [0, 1, 2, 3, 4], [5], [6], [0, 1, 2, 3, 4], [5], [6], [0, 1, 2, 3, 4], [5], [6], [5], [6], [0, 1, 2, 3, 4], [5], [6], [0, 1, 2, 3, 4], [0, 1, 2, 3, 4], [5], [6], [0, 1, 2, 3, 4], [5], [6], [0, 1, 2, 3, 4], [5], [6]]
318;318;[19052536, 19052547, 19052537, 19052538, 19052548, 19052557, 19052539, 19071446, 19071472, 19071431, 19071457, 19052549, 19071432, 19071458, 19052558, 19071447, 19071473, 19052540, 19071433, 19071459, 19052550, 19071448, 19071474, 19052528, 19071434, 19071460, 19052541, 19071449, 19071475, 19052551, 19071435, 19071461, 19052529, 19071450, 19071476, 19052542, 19071436, 19071462, 19052552, 19071451, 19071477, 19052535, 19052530, 19071437, 19071463, 19071452, 19071478, 19052531, 19071438, 19071464, 19071453, 19071479, 19052553, 19052554, 19071439, 19071465, 19071454, 19071480, 19052543, 19052544, 19071440, 19071466, 19071444, 19071470, 19052532, 19052533, 19071441, 19071467, 19071445, 19071471, 19052555, 19052556, 19052545, 19071442, 19071468, 19071430, 19071456, 19052546, 19052534, 19071443, 19071469, 19071429, 19071455];[04:33, 05:04, 05:06, 06:01, 06:07, 06:48, 07:06, 07:06, 07:06, 07:07, 07:07, 07:54, 08:04, 08:04, 08:06, 08:06, 08:06, 08:51, 09:03, 09:03, 09:06, 09:06, 09:06, 09:51, 10:01, 10:01, 10:06, 10:06, 10:06, 10:51, 11:00, 11:00, 11:06, 11:06, 11:06, 11:49, 12:00, 12:00, 12:06, 12:06, 12:06, 12:36, 12:45, 13:00, 13:00, 13:06, 13:06, 13:36, 14:00, 14:00, 14:06, 14:06, 14:12, 14:34, 15:00, 15:00, 15:06, 15:06, 15:12, 15:34, 16:00, 16:00, 16:06, 16:06, 16:12, 16:34, 17:00, 17:00, 17:06, 17:06, 17:16, 17:34, 17:51, 18:02, 18:02, 18:06, 18:06, 18:36, 18:52, 19:04, 19:04, 19:06, 19:06];[[0, 1, 2, 3, 4], [0, 1, 2, 3, 4], [0, 1, 2, 3, 4], [0, 1, 2, 3, 4], [0, 1, 2, 3, 4], [0, 1, 2, 3, 4], [0, 1, 2, 3, 4], [5], [6], [5], [6], [0, 1, 2, 3, 4], [5], [6], [0, 1, 2, 3, 4], [5], [6], [0, 1, 2, 3, 4], [5], [6], [0, 1, 2, 3, 4], [5], [6], [0, 1, 2, 3, 4], [5], [6], [0, 1, 2, 3, 4], [5], [6], [0, 1, 2, 3, 4], [5], [6], [0, 1, 2, 3, 4], [5], [6], [0, 1, 2, 3, 4], [5], [6], [0, 1, 2, 3, 4], [5], [6], [0, 1, 2, 3, 4], [0, 1, 2, 3, 4], [5], [6], [5], [6], [0, 1, 2, 3, 4], [5], [6], [5], [6], [0, 1, 2, 3, 4], [0, 1, 2, 3, 4], [5], [6], [5], [6], [0, 1, 2, 3, 4], [0, 1, 2, 3, 4], [5], [6], [5], [6], [0, 1, 2, 3, 4], [0, 1, 2, 3, 4], [5], [6], [5], [6], [0, 1, 2, 3, 4], [0, 1, 2, 3, 4], [0, 1, 2, 3, 4], [5], [6], [5], [6], [0, 1, 2, 3, 4], [0, 1, 2, 3, 4], [5], [6], [5], [6]]
323;323;[];[];[]
325;325;[19053289, 19053305, 19053306, 19053307, 19053296, 19053301, 19053303, 19053294, 19053302, 19053304, 19053297, 19053292, 19053293, 19053295, 19053291, 19053290, 19053298, 19053286, 19053285, 19053299, 19053287, 19053284, 19053300, 19053288, 19053283];[06:08, 06:23, 07:03, 07:23, 07:58, 08:23, 08:58, 09:23, 09:58, 10:23, 10:57, 11:23, 11:55, 12:23, 12:55, 13:23, 13:53, 14:23, 14:52, 15:23, 15:55, 16:23, 16:57, 17:23, 18:02];[[0, 1, 2, 3, 4], [0, 1, 2, 3, 4], [0, 1, 2, 3, 4], [0, 1, 2, 3, 4], [0, 1, 2, 3, 4], [0, 1, 2, 3, 4], [0, 1, 2, 3, 4], [0, 1, 2, 3, 4], [0, 1, 2, 3, 4], [0, 1, 2, 3, 4], [0, 1, 2, 3, 4], [0, 1, 2, 3, 4], [0, 1, 2, 3, 4], [0, 1, 2, 3, 4], [0, 1, 2, 3, 4], [0, 1, 2, 3, 4], [0, 1, 2, 3, 4], [0, 1, 2, 3, 4], [0, 1, 2, 3, 4], [0, 1, 2, 3, 4], [0, 1, 2, 3, 4], [0, 1, 2, 3, 4], [0, 1, 2, 3, 4], [0, 1, 2, 3, 4], [0, 1, 2, 3, 4]]
332;332;[19052917, 19052919, 19052918, 19052916, 19052920, 19052921, 19055035, 19052039, 19052923, 19052922, 19052925, 19052924, 19055036, 19052040, 19052927, 19052926, 19052974, 19052984, 19052928, 19055037, 19052041, 19052929, 19052930, 19052931, 19052977, 19055038, 19052042, 19052985, 19052932, 19052933, 19052934, 19052935, 19055039, 19052043, 19052982, 19052986, 19052936, 19052937, 19055040, 19052044, 19052941, 19052939, 19052978, 19052987, 19052940, 19055041, 19052045, 19052938, 19052956, 19052952, 19052976, 19055042, 19052046, 19052988, 19052955, 19052950, 19052949, 19052951, 19055043, 19052047, 19052980, 19052989, 19052953, 19052943, 19055044, 19052048, 19052954, 19052946, 19052979, 19052990, 19052947, 19055045, 19052049, 19052948, 19052944, 19052945, 19052975, 19055046, 19052050, 19052991, 19052957, 19052966, 19052942, 19052969, 19055047, 19052051, 19052983, 19052992, 19052967, 19052962, 19052968, 19055048, 19052052, 19052961, 19052995, 19052993, 19052981, 19055049, 19052053, 19052996, 19052959, 19052994, 19055050, 19052054, 19052965, 19052964, 19052963, 19052970, 19055051, 19052055, 19052960, 19052973, 19052915, 19052914, 19052972, 19055052, 19052056, 19052913, 19052971, 19052912, 19052958, 19052911];[04:26, 04:56, 05:10, 05:26, 05:40, 05:56, 06:06, 06:06, 06:08, 06:21, 06:35, 06:46, 06:54, 06:54, 06:55, 07:06, 07:15, 07:26, 07:35, 07:36, 07:36, 07:46, 07:55, 08:06, 08:15, 08:22, 08:22, 08:26, 08:35, 08:46, 08:55, 09:06, 09:06, 09:06, 09:15, 09:26, 09:35, 09:46, 09:49, 09:49, 09:55, 10:06, 10:15, 10:26, 10:35, 10:36, 10:36, 10:46, 10:55, 11:06, 11:15, 11:19, 11:19, 11:26, 11:35, 11:46, 11:55, 12:06, 12:06, 12:06, 12:15, 12:26, 12:35, 12:46, 12:49, 12:49, 12:55, 13:06, 13:15, 13:26, 13:35, 13:36, 13:36, 13:46, 13:55, 14:06, 14:15, 14:19, 14:19, 14:26, 14:35, 14:46, 14:49, 15:06, 15:06, 15:06, 15:09, 15:26, 15:29, 15:46, 15:49, 15:51, 15:51, 16:06, 16:09, 16:26, 16:29, 16:36, 16:36, 16:46, 16:59, 17:06, 17:21, 17:21, 17:26, 17:29, 17:51, 17:59, 18:06, 18:06, 18:21, 18:29, 18:51, 18:59, 19:21, 19:22, 19:22, 19:29, 19:56, 19:59, 20:56, 20:59];[[0, 1, 2, 3, 4], [0, 1, 2, 3, 4], [0, 1, 2, 3, 4], [0, 1, 2, 3, 4], [0, 1, 2, 3, 4], [0, 1, 2, 3, 4], [5], [6], [0, 1, 2, 3, 4], [0, 1, 2, 3, 4], [0, 1, 2, 3, 4], [0, 1, 2, 3, 4], [5], [6], [0, 1, 2, 3, 4], [0, 1, 2, 3, 4], [0, 1, 2, 3, 4], [0, 1, 2, 3, 4], [0, 1, 2, 3, 4], [5], [6], [0, 1, 2, 3, 4], [0, 1, 2, 3, 4], [0, 1, 2, 3, 4], [0, 1, 2, 3, 4], [5], [6], [0, 1, 2, 3, 4], [0, 1, 2, 3, 4], [0, 1, 2, 3, 4], [0, 1, 2, 3, 4], [0, 1, 2, 3, 4], [5], [6], [0, 1, 2, 3, 4], [0, 1, 2, 3, 4], [0, 1, 2, 3, 4], [0, 1, 2, 3, 4], [5], [6], [0, 1, 2, 3, 4], [0, 1, 2, 3, 4], [0, 1, 2, 3, 4], [0, 1, 2, 3, 4], [0, 1, 2, 3, 4], [5], [6], [0, 1, 2, 3, 4], [0, 1, 2, 3, 4], [0, 1, 2, 3, 4], [0, 1, 2, 3, 4], [5], [6], [0, 1, 2, 3, 4], [0, 1, 2, 3, 4], [0, 1, 2, 3, 4], [0, 1, 2, 3, 4], [0, 1, 2, 3, 4], [5], [6], [0, 1, 2, 3, 4], [0, 1, 2, 3, 4], [0, 1, 2, 3, 4], [0, 1, 2, 3, 4], [5], [6], [0, 1, 2, 3, 4], [0, 1, 2, 3, 4], [0, 1, 2, 3, 4], [0, 1, 2, 3, 4], [0, 1, 2, 3, 4], [5], [6], [0, 1, 2, 3, 4], [0, 1, 2, 3, 4], [0, 1, 2, 3, 4], [0, 1, 2, 3, 4], [5], [6], [0, 1, 2, 3, 4], [0, 1, 2, 3, 4], [0, 1, 2, 3, 4], [0, 1, 2, 3, 4], [0, 1, 2, 3, 4], [5], [6], [0, 1, 2, 3, 4], [0, 1, 2, 3, 4], [0, 1, 2, 3, 4], [0, 1, 2, 3, 4], [0, 1, 2, 3, 4], [5], [6], [0, 1, 2, 3, 4], [0, 1, 2, 3, 4], [0, 1, 2, 3, 4], [0, 1, 2, 3, 4], [5], [6], [0, 1, 2, 3, 4], [0, 1, 2, 3, 4], [0, 1, 2, 3, 4], [5], [6], [0, 1, 2, 3, 4], [0, 1, 2, 3, 4], [0, 1, 2, 3, 4], [0, 1, 2, 3, 4], [5], [6], [0, 1, 2, 3, 4], [0, 1, 2, 3, 4], [0, 1, 2, 3, 4], [0, 1, 2, 3, 4], [0, 1, 2, 3, 4], [5], [6], [0, 1, 2, 3, 4], [0, 1, 2, 3, 4], [0, 1, 2, 3, 4], [0, 1, 2, 3, 4], [0, 1, 2, 3, 4]]
347;347;[19053561, 19053568, 19053562, 19053563, 19053569, 19053570, 19053601, 19053602, 19053571, 19053572, 19053603, 19053604, 19053552, 19053553, 19053577, 19053578, 19053554, 19053555, 19053579, 19053580, 19053573, 19053574, 19053581, 19053582, 19053564, 19053565, 19053583, 19053584, 19053556, 19053557, 19053585, 19053586, 19053575, 19053576, 19053587, 19053588, 19053566, 19053567, 19053593, 19053591, 19053594, 19053558, 19053592, 19053597, 19053559, 19053599, 19053598, 19053589, 19053600, 19053590, 19053605, 19053606, 19053595, 19053596, 19053607, 19053560];[05:16, 05:46, 05:54, 06:16, 06:23, 06:46, 06:51, 07:15, 07:21, 07:47, 07:49, 08:16, 08:19, 08:47, 08:49, 09:17, 09:19, 09:47, 09:49, 10:17, 10:19, 10:47, 10:49, 11:17, 11:19, 11:47, 11:49, 12:17, 12:19, 12:47, 12:49, 13:17, 13:19, 13:47, 13:49, 14:17, 14:18, 14:47, 14:48, 15:17, 15:18, 15:47, 15:48, 16:17, 16:18, 16:47, 16:49, 17:18, 17:18, 17:48, 17:49, 18:15, 18:19, 18:45, 18:51, 19:23];[[0, 1, 2, 3, 4], [0, 1, 2, 3, 4], [0, 1, 2, 3, 4], [0, 1, 2, 3, 4], [0, 1, 2, 3, 4], [0, 1, 2, 3, 4], [0, 1, 2, 3, 4], [0, 1, 2, 3, 4], [0, 1, 2, 3, 4], [0, 1, 2, 3, 4], [0, 1, 2, 3, 4], [0, 1, 2, 3, 4], [0, 1, 2, 3, 4], [0, 1, 2, 3, 4], [0, 1, 2, 3, 4], [0, 1, 2, 3, 4], [0, 1, 2, 3, 4], [0, 1, 2, 3, 4], [0, 1, 2, 3, 4], [0, 1, 2, 3, 4], [0, 1, 2, 3, 4], [0, 1, 2, 3, 4], [0, 1, 2, 3, 4], [0, 1, 2, 3, 4], [0, 1, 2, 3, 4], [0, 1, 2, 3, 4], [0, 1, 2, 3, 4], [0, 1, 2, 3, 4], [0, 1, 2, 3, 4], [0, 1, 2, 3, 4], [0, 1, 2, 3, 4], [0, 1, 2, 3, 4], [0, 1, 2, 3, 4], [0, 1, 2, 3, 4], [0, 1, 2, 3, 4], [0, 1, 2, 3, 4], [0, 1, 2, 3, 4], [0, 1, 2, 3, 4], [0, 1, 2, 3, 4], [0, 1, 2, 3, 4], [0, 1, 2, 3, 4], [0, 1, 2, 3, 4], [0, 1, 2, 3, 4], [0, 1, 2, 3, 4], [0, 1, 2, 3, 4], [0, 1, 2, 3, 4], [0, 1, 2, 3, 4], [0, 1, 2, 3, 4], [0, 1, 2, 3, 4], [0, 1, 2, 3, 4], [0, 1, 2, 3, 4], [0, 1, 2, 3, 4], [0, 1, 2, 3, 4], [0, 1, 2, 3, 4], [0, 1, 2, 3, 4], [0, 1, 2, 3, 4]]
350;350;[19053685, 19053689, 19053778, 19053761, 19053700, 19053796, 19054927, 19051981, 19053690, 19053686, 19053701, 19053779, 19053762, 19054956, 19052010, 19053719, 19053797, 19054928, 19051982, 19053691, 19053720, 19053722, 19053780, 19053763, 19054957, 19052011, 19053723, 19053721, 19053702, 19054929, 19051983, 19053724, 19053798, 19053758, 19053764, 19053781, 19054930, 19051984, 19054958, 19052012, 19053725, 19053703, 19054931, 19051985, 19053704, 19054959, 19052013, 19053692, 19053782, 19053765, 19054932, 19051986, 19054960, 19052014, 19053693, 19053705, 19054933, 19051987, 19053706, 19054961, 19052015, 19053694, 19053783, 19053766, 19054934, 19051988, 19054962, 19052016, 19053695, 19053741, 19054935, 19051989, 19053742, 19054963, 19052017, 19053687, 19053784, 19053767, 19054936, 19051990, 19054964, 19052018, 19053688, 19053726, 19054937, 19051991, 19053727, 19054965, 19052019, 19053707, 19053785, 19053768, 19054938, 19051992, 19054966, 19052020, 19053708, 19053728, 19054939, 19051993, 19053729, 19054967, 19052021, 19053709, 19053786, 19053769, 19054940, 19051994, 19054968, 19052022, 19053710, 19053799, 19053730, 19053731, 19054941, 19051995, 19054969, 19052023, 19053743, 19053787, 19053770, 19054942, 19051996, 19054970, 19052024, 19053744, 19053756, 19053696, 19053697, 19053801, 19054943, 19051997, 19054971, 19052025, 19053788, 19053745, 19053732, 19053757, 19053698, 19054944, 19051998, 19054972, 19052026, 19053800, 19053771, 19054945, 19051999, 19054973, 19052027, 19053699, 19053733, 19053755, 19053789, 19053772, 19054946, 19052000, 19054974, 19052028, 19053734, 19053711, 19053712, 19054947, 19052001, 19054975, 19052029, 19053750, 19053790, 19053773, 19054948, 19052002, 19054976, 19052030, 19053751, 19053746, 19053747, 19054949, 19052003, 19054977, 19052031, 19053752, 19053791, 19053774, 19054950, 19052004, 19054978, 19052032, 19053753, 19053748, 19054951, 19052005, 19053749, 19054979, 19052033, 19053754, 19053792, 19053775, 19054952, 19052006, 19054980, 19052034, 19053713, 19053735, 19054953, 19052007, 19053736, 19054981, 19052035, 19053714, 19053793, 19053776, 19054982, 19052036, 19053715, 19053737, 19054954, 19052008, 19053738, 19053716, 19053794, 19053777, 19054983, 19052037, 19053717, 19053739, 19054955, 19052009, 19053740, 19053718, 19053795, 19053760, 19054984, 19052038, 19053759, 19053684];[04:32, 04:39, 04:59, 05:01, 05:19, 05:21, 05:33, 05:33, 05:37, 05:39, 05:52, 05:57, 06:07, 06:09, 06:09, 06:16, 06:22, 06:33, 06:33, 06:36, 06:37, 06:52, 06:53, 07:07, 07:08, 07:08, 07:09, 07:22, 07:29, 07:33, 07:33, 07:42, 07:45, 07:50, 08:02, 08:02, 08:03, 08:03, 08:07, 08:07, 08:19, 08:22, 08:33, 08:33, 08:34, 08:36, 08:36, 08:42, 08:54, 09:02, 09:03, 09:03, 09:06, 09:06, 09:14, 09:22, 09:33, 09:33, 09:34, 09:35, 09:35, 09:42, 09:54, 10:02, 10:03, 10:03, 10:05, 10:05, 10:14, 10:22, 10:33, 10:33, 10:34, 10:35, 10:35, 10:42, 10:54, 11:02, 11:03, 11:03, 11:04, 11:04, 11:14, 11:22, 11:33, 11:33, 11:34, 11:34, 11:34, 11:42, 11:54, 12:02, 12:03, 12:03, 12:04, 12:04, 12:14, 12:22, 12:33, 12:33, 12:34, 12:34, 12:34, 12:42, 12:54, 13:02, 13:03, 13:03, 13:04, 13:04, 13:14, 13:17, 13:32, 13:33, 13:33, 13:33, 13:34, 13:34, 13:47, 13:49, 14:02, 14:03, 14:03, 14:04, 14:04, 14:05, 14:13, 14:17, 14:21, 14:32, 14:33, 14:33, 14:34, 14:34, 14:38, 14:47, 14:54, 14:58, 15:02, 15:03, 15:03, 15:04, 15:04, 15:14, 15:22, 15:33, 15:33, 15:34, 15:34, 15:36, 15:42, 15:48, 15:51, 16:02, 16:03, 16:03, 16:04, 16:04, 16:11, 16:22, 16:31, 16:33, 16:33, 16:34, 16:34, 16:42, 16:51, 17:02, 17:03, 17:03, 17:04, 17:04, 17:11, 17:22, 17:31, 17:33, 17:33, 17:35, 17:35, 17:42, 17:52, 18:02, 18:03, 18:03, 18:06, 18:06, 18:12, 18:22, 18:33, 18:33, 18:34, 18:36, 18:36, 18:42, 18:55, 19:02, 19:03, 19:03, 19:07, 19:07, 19:15, 19:22, 19:33, 19:33, 19:35, 19:37, 19:37, 19:42, 19:55, 20:02, 20:09, 20:09, 20:15, 20:22, 20:33, 20:33, 20:36, 20:42, 20:56, 21:02, 21:09, 21:09, 21:16, 21:22, 21:33, 21:33, 21:40, 21:42, 22:00, 22:02, 22:11, 22:11, 22:20, 22:42];[[0, 1, 2, 3, 4], [0, 1, 2, 3, 4], [0, 1, 2, 3, 4], [0, 1, 2, 3, 4], [0, 1, 2, 3, 4], [0, 1, 2, 3, 4], [5], [6], [0, 1, 2, 3, 4], [0, 1, 2, 3, 4], [0, 1, 2, 3, 4], [0, 1, 2, 3, 4], [0, 1, 2, 3, 4], [5], [6], [0, 1, 2, 3, 4], [0, 1, 2, 3, 4], [5], [6], [0, 1, 2, 3, 4], [0, 1, 2, 3, 4], [0, 1, 2, 3, 4], [0, 1, 2, 3, 4], [0, 1, 2, 3, 4], [5], [6], [0, 1, 2, 3, 4], [0, 1, 2, 3, 4], [0, 1, 2, 3, 4], [5], [6], [0, 1, 2, 3, 4], [0, 1, 2, 3, 4], [0, 1, 2, 3, 4], [0, 1, 2, 3, 4], [0, 1, 2, 3, 4], [5], [6], [5], [6], [0, 1, 2, 3, 4], [0, 1, 2, 3, 4], [5], [6], [0, 1, 2, 3, 4], [5], [6], [0, 1, 2, 3, 4], [0, 1, 2, 3, 4], [0, 1, 2, 3, 4], [5], [6], [5], [6], [0, 1, 2, 3, 4], [0, 1, 2, 3, 4], [5], [6], [0, 1, 2, 3, 4], [5], [6], [0, 1, 2, 3, 4], [0, 1, 2, 3, 4], [0, 1, 2, 3, 4], [5], [6], [5], [6], [0, 1, 2, 3, 4], [0, 1, 2, 3, 4], [5], [6], [0, 1, 2, 3, 4], [5], [6], [0, 1, 2, 3, 4], [0, 1, 2, 3, 4], [0, 1, 2, 3, 4], [5], [6], [5], [6], [0, 1, 2, 3, 4], [0, 1, 2, 3, 4], [5], [6], [0, 1, 2, 3, 4], [5], [6], [0, 1, 2, 3, 4], [0, 1, 2, 3, 4], [0, 1, 2, 3, 4], [5], [6], [5], [6], [0, 1, 2, 3, 4], [0, 1, 2, 3, 4], [5], [6], [0, 1, 2, 3, 4], [5], [6], [0, 1, 2, 3, 4], [0, 1, 2, 3, 4], [0, 1, 2, 3, 4], [5], [6], [5], [6], [0, 1, 2, 3, 4], [0, 1, 2, 3, 4], [0, 1, 2, 3, 4], [0, 1, 2, 3, 4], [5], [6], [5], [6], [0, 1, 2, 3, 4], [0, 1, 2, 3, 4], [0, 1, 2, 3, 4], [5], [6], [5], [6], [0, 1, 2, 3, 4], [3], [0, 1, 2, 3, 4], [0, 1, 2, 3, 4], [0, 1, 2, 3, 4], [5], [6], [5], [6], [0, 1, 2, 3, 4], [0, 1, 2, 3, 4], [0, 1, 2, 3, 4], [0, 1, 2, 4], [0, 1, 2, 3, 4], [5], [6], [5], [6], [0, 1, 2, 3, 4], [0, 1, 2, 3, 4], [5], [6], [5], [6], [0, 1, 2, 3, 4], [0, 1, 2, 3, 4], [1, 2, 3, 4], [0, 1, 2, 3, 4], [0, 1, 2, 3, 4], [5], [6], [5], [6], [0, 1, 2, 3, 4], [0, 1, 2, 3, 4], [0, 1, 2, 3, 4], [5], [6], [5], [6], [0, 1, 2, 3, 4], [0, 1, 2, 3, 4], [0, 1, 2, 3, 4], [5], [6], [5], [6], [0, 1, 2, 3, 4], [0, 1, 2, 3, 4], [0, 1, 2, 3, 4], [5], [6], [5], [6], [0, 1, 2, 3, 4], [0, 1, 2, 3, 4], [0, 1, 2, 3, 4], [5], [6], [5], [6], [0, 1, 2, 3, 4], [0, 1, 2, 3, 4], [5], [6], [0, 1, 2, 3, 4], [5], [6], [0, 1, 2, 3, 4], [0, 1, 2, 3, 4], [0, 1, 2, 3, 4], [5], [6], [5], [6], [0, 1, 2, 3, 4], [0, 1, 2, 3, 4], [5], [6], [0, 1, 2, 3, 4], [5], [6], [0, 1, 2, 3, 4], [0, 1, 2, 3, 4], [0, 1, 2, 3, 4], [5], [6], [0, 1, 2, 3, 4], [0, 1, 2, 3, 4], [5], [6], [0, 1, 2, 3, 4], [0, 1, 2, 3, 4], [0, 1, 2, 3, 4], [0, 1, 2, 3, 4], [5], [6], [0, 1, 2, 3, 4], [0, 1, 2, 3, 4], [5], [6], [0, 1, 2, 3, 4], [0, 1, 2, 3, 4], [0, 1, 2, 3, 4], [0, 1, 2, 3, 4], [5], [6], [0, 1, 2, 3, 4], [0, 1, 2, 3, 4]]
351;351;[19053807, 19053808, 19053815, 19053809, 19053837, 19054600, 19051752, 19053835, 19053816, 19054609, 19051753, 19053838, 19054601, 19051754, 19053810, 19053817, 19054617, 19051755, 19053839, 19054610, 19051756, 19053826, 19053828, 19054602, 19051757, 19053840, 19054618, 19051758, 19053829, 19053802, 19054611, 19051759, 19053841, 19054603, 19051760, 19053811, 19053818, 19054619, 19051761, 19053842, 19054612, 19051762, 19053827, 19053830, 19054604, 19051763, 19053843, 19054620, 19051764, 19053831, 19053803, 19054613, 19051765, 19053844, 19054605, 19051766, 19053812, 19053819, 19054621, 19051767, 19053845, 19054614, 19051768, 19053836, 19053825, 19054606, 19051769, 19053846, 19054622, 19051770, 19053813, 19053804, 19054615, 19051771, 19053847, 19054607, 19051772, 19053820, 19053805, 19054623, 19051773, 19053848, 19054616, 19051774, 19053806, 19053821, 19054608, 19051775, 19053822, 19053849, 19053832, 19054624, 19051776, 19053823, 19054625, 19051777, 19053814, 19053824, 19054626, 19051778, 19053833, 19053834];[05:00, 05:30, 06:00, 06:20, 06:40, 06:58, 06:58, 07:00, 07:20, 07:28, 07:28, 07:40, 07:58, 07:58, 08:00, 08:20, 08:29, 08:29, 08:40, 08:55, 08:55, 09:00, 09:20, 09:25, 09:25, 09:40, 09:55, 09:55, 10:00, 10:20, 10:25, 10:25, 10:40, 10:55, 10:55, 11:00, 11:20, 11:25, 11:25, 11:40, 11:55, 11:55, 12:00, 12:20, 12:25, 12:25, 12:40, 12:55, 12:55, 13:00, 13:20, 13:25, 13:25, 13:40, 13:55, 13:55, 14:00, 14:20, 14:25, 14:25, 14:40, 14:55, 14:55, 15:00, 15:20, 15:25, 15:25, 15:40, 15:55, 15:55, 16:00, 16:20, 16:25, 16:25, 16:40, 16:55, 16:55, 17:00, 17:20, 17:25, 17:25, 17:40, 17:55, 17:55, 18:00, 18:20, 18:25, 18:25, 18:40, 19:00, 19:29, 19:30, 19:30, 20:03, 20:29, 20:29, 20:33, 21:03, 21:30, 21:30, 21:33, 22:33];[[0, 1, 2, 3, 4], [0, 1, 2, 3, 4], [0, 1, 2, 3, 4], [0, 1, 2, 3, 4], [0, 1, 2, 3, 4], [5], [6], [0, 1, 2, 3, 4], [0, 1, 2, 3, 4], [5], [6], [0, 1, 2, 3, 4], [5], [6], [0, 1, 2, 3, 4], [0, 1, 2, 3, 4], [5], [6], [0, 1, 2, 3, 4], [5], [6], [0, 1, 2, 3, 4], [0, 1, 2, 3, 4], [5], [6], [0, 1, 2, 3, 4], [5], [6], [0, 1, 2, 3, 4], [0, 1, 2, 3, 4], [5], [6], [0, 1, 2, 3, 4], [5], [6], [0, 1, 2, 3, 4], [0, 1, 2, 3, 4], [5], [6], [0, 1, 2, 3, 4], [5], [6], [0, 1, 2, 3, 4], [0, 1, 2, 3, 4], [5], [6], [0, 1, 2, 3, 4], [5], [6], [0, 1, 2, 3, 4], [0, 1, 2, 3, 4], [5], [6], [0, 1, 2, 3, 4], [5], [6], [0, 1, 2, 3, 4], [0, 1, 2, 3, 4], [5], [6], [0, 1, 2, 3, 4], [5], [6], [0, 1, 2, 3, 4], [0, 1, 2, 3, 4], [5], [6], [0, 1, 2, 3, 4], [5], [6], [0, 1, 2, 3, 4], [0, 1, 2, 3, 4], [5], [6], [0, 1, 2, 3, 4], [5], [6], [0, 1, 2, 3, 4], [0, 1, 2, 3, 4], [5], [6], [0, 1, 2, 3, 4], [5], [6], [0, 1, 2, 3, 4], [0, 1, 2, 3, 4], [5], [6], [0, 1, 2, 3, 4], [0, 1, 2, 3, 4], [0, 1, 2, 3, 4], [5], [6], [0, 1, 2, 3, 4], [5], [6], [0, 1, 2, 3, 4], [0, 1, 2, 3, 4], [5], [6], [0, 1, 2, 3, 4], [0, 1, 2, 3, 4]]
352;352;[19053852, 19054571, 19051806, 19053860, 19053863, 19054579, 19051807, 19053864, 19053890, 19054580, 19051779, 19053883, 19053881, 19054589, 19051780, 19053891, 19054590, 19051781, 19053868, 19053870, 19054581, 19051782, 19053892, 19054572, 19051783, 19053869, 19053853, 19054591, 19051784, 19053893, 19054582, 19051785, 19053861, 19053865, 19054573, 19051786, 19053894, 19054592, 19051787, 19053871, 19053872, 19054583, 19051788, 19053895, 19054574, 19051789, 19053850, 19053854, 19054593, 19051790, 19053896, 19054584, 19051791, 19053862, 19053866, 19054575, 19051792, 19053888, 19054594, 19051793, 19053873, 19053874, 19054585, 19051794, 19053887, 19054576, 19051795, 19053882, 19053851, 19054595, 19051796, 19053885, 19054586, 19051797, 19053875, 19053867, 19054577, 19051798, 19053884, 19054596, 19051799, 19053876, 19053855, 19054587, 19051800, 19053889, 19054578, 19051801, 19053877, 19053856, 19054597, 19051802, 19053886, 19054598, 19051803, 19053878, 19053857, 19054588, 19051804, 19053858, 19053879, 19054599, 19051805, 19053880, 19053859];[04:04, 05:14, 05:14, 05:34, 06:04, 06:13, 06:13, 06:24, 06:44, 07:00, 07:00, 07:04, 07:24, 07:30, 07:30, 07:44, 08:00, 08:00, 08:04, 08:24, 08:30, 08:30, 08:44, 09:00, 09:00, 09:04, 09:24, 09:30, 09:30, 09:44, 10:00, 10:00, 10:04, 10:24, 10:30, 10:30, 10:44, 11:00, 11:00, 11:04, 11:24, 11:30, 11:30, 11:44, 12:00, 12:00, 12:04, 12:24, 12:30, 12:30, 12:44, 13:00, 13:00, 13:04, 13:24, 13:30, 13:30, 13:44, 14:00, 14:00, 14:04, 14:23, 14:30, 14:30, 14:42, 15:00, 15:00, 15:02, 15:22, 15:30, 15:30, 15:42, 16:00, 16:00, 16:02, 16:22, 16:30, 16:30, 16:42, 17:00, 17:00, 17:02, 17:22, 17:30, 17:30, 17:42, 18:00, 18:00, 18:02, 18:22, 18:30, 18:30, 18:42, 18:59, 18:59, 19:02, 19:31, 20:00, 20:00, 20:01, 20:31, 21:00, 21:00, 21:01, 21:31];[[0, 1, 2, 3, 4], [5], [6], [0, 1, 2, 3, 4], [0, 1, 2, 3, 4], [5], [6], [0, 1, 2, 3, 4], [0, 1, 2, 3, 4], [5], [6], [0, 1, 2, 3, 4], [0, 1, 2, 3, 4], [5], [6], [0, 1, 2, 3, 4], [5], [6], [0, 1, 2, 3, 4], [0, 1, 2, 3, 4], [5], [6], [0, 1, 2, 3, 4], [5], [6], [0, 1, 2, 3, 4], [0, 1, 2, 3, 4], [5], [6], [0, 1, 2, 3, 4], [5], [6], [0, 1, 2, 3, 4], [0, 1, 2, 3, 4], [5], [6], [0, 1, 2, 3, 4], [5], [6], [0, 1, 2, 3, 4], [0, 1, 2, 3, 4], [5], [6], [0, 1, 2, 3, 4], [5], [6], [0, 1, 2, 3, 4], [0, 1, 2, 3, 4], [5], [6], [0, 1, 2, 3, 4], [5], [6], [0, 1, 2, 3, 4], [0, 1, 2, 3, 4], [5], [6], [0, 1, 2, 3, 4], [5], [6], [0, 1, 2, 3, 4], [0, 1, 2, 3, 4], [5], [6], [0, 1, 2, 3, 4], [5], [6], [0, 1, 2, 3, 4], [0, 1, 2, 3, 4], [5], [6], [0, 1, 2, 3, 4], [5], [6], [0, 1, 2, 3, 4], [0, 1, 2, 3, 4], [5], [6], [0, 1, 2, 3, 4], [5], [6], [0, 1, 2, 3, 4], [0, 1, 2, 3, 4], [5], [6], [0, 1, 2, 3, 4], [5], [6], [0, 1, 2, 3, 4], [0, 1, 2, 3, 4], [5], [6], [0, 1, 2, 3, 4], [5], [6], [0, 1, 2, 3, 4], [0, 1, 2, 3, 4], [5], [6], [0, 1, 2, 3, 4], [0, 1, 2, 3, 4], [5], [6], [0, 1, 2, 3, 4], [0, 1, 2, 3, 4]]
353;353;[19053323, 19053309, 19053324, 19053310, 19053325, 19127364, 19127531, 19053308, 19127347, 19127514, 19053326, 19127365, 19127532, 19053311, 19127350, 19127517, 19053327, 19127366, 19127533, 19053312, 19127351, 19127518, 19053328, 19127367, 19127534, 19053313, 19127352, 19127519, 19053329, 19127368, 19127535, 19053314, 19127353, 19127520, 19053330, 19127369, 19127536, 19053315, 19127354, 19127521, 19053331, 19127370, 19127537, 19053316, 19127355, 19127522, 19053332, 19127371, 19127538, 19053317, 19127356, 19127523, 19053333, 19127372, 19127539, 19053318, 19127357, 19127524, 19053334, 19127373, 19127540, 19053319, 19127358, 19127525, 19053335, 19127374, 19127541, 19053320, 19127359, 19127526, 19053336, 19127375, 19127542, 19053321, 19127360, 19127527, 19053337, 19127376, 19127543, 19053322, 19127361, 19127528];[05:33, 06:05, 06:33, 07:02, 07:33, 07:33, 07:33, 08:02, 08:04, 08:04, 08:33, 08:33, 08:33, 09:03, 09:04, 09:04, 09:33, 09:33, 09:33, 10:03, 10:03, 10:03, 10:33, 10:33, 10:33, 11:03, 11:03, 11:03, 11:33, 11:33, 11:33, 12:02, 12:02, 12:02, 12:33, 12:33, 12:33, 13:02, 13:02, 13:02, 13:33, 13:33, 13:33, 14:02, 14:02, 14:02, 14:33, 14:33, 14:33, 15:02, 15:02, 15:02, 15:33, 15:33, 15:33, 16:02, 16:02, 16:02, 16:33, 16:33, 16:33, 17:03, 17:04, 17:04, 17:33, 17:33, 17:33, 18:03, 18:05, 18:05, 18:33, 18:33, 18:33, 19:05, 19:06, 19:06, 19:33, 19:33, 19:33, 20:06, 20:07, 20:07];[[0, 1, 2, 3, 4], [0, 1, 2, 3, 4], [0, 1, 2, 3, 4], [0, 1, 2, 3, 4], [0, 1, 2, 3, 4], [5], [6], [0, 1, 2, 3, 4], [5], [6], [0, 1, 2, 3, 4], [5], [6], [0, 1, 2, 3, 4], [5], [6], [0, 1, 2, 3, 4], [5], [6], [0, 1, 2, 3, 4], [5], [6], [0, 1, 2, 3, 4], [5], [6], [0, 1, 2, 3, 4], [5], [6], [0, 1, 2, 3, 4], [5], [6], [0, 1, 2, 3, 4], [5], [6], [0, 1, 2, 3, 4], [5], [6], [0, 1, 2, 3, 4], [5], [6], [0, 1, 2, 3, 4], [5], [6], [0, 1, 2, 3, 4], [5], [6], [0, 1, 2, 3, 4], [5], [6], [0, 1, 2, 3, 4], [5], [6], [0, 1, 2, 3, 4], [5], [6], [0, 1, 2, 3, 4], [5], [6], [0, 1, 2, 3, 4], [5], [6], [0, 1, 2, 3, 4], [5], [6], [0, 1, 2, 3, 4], [5], [6], [0, 1, 2, 3, 4], [5], [6], [0, 1, 2, 3, 4], [5], [6], [0, 1, 2, 3, 4], [5], [6], [0, 1, 2, 3, 4], [5], [6], [0, 1, 2, 3, 4], [5], [6]]
354;354;[19053614, 19053644, 19053615, 19053645, 19053616, 19053646, 19053617, 19053613, 19053647, 19053619, 19053648, 19053618, 19053649, 19053620, 19053673, 19053621, 19054995, 19051941, 19053650, 19054986, 19051932, 19053622, 19053651, 19053623, 19054996, 19051942, 19054987, 19051933, 19053652, 19053624, 19053653, 19053625, 19054997, 19051943, 19054988, 19051934, 19053654, 19053626, 19053655, 19053627, 19054998, 19051944, 19054989, 19051935, 19053656, 19053628, 19053657, 19053629, 19054999, 19051945, 19054985, 19051931, 19053658, 19053630, 19053659, 19053631, 19055000, 19051946, 19054990, 19051936, 19053632, 19053661, 19053633, 19055001, 19051947, 19053662, 19053660, 19054991, 19051937, 19053634, 19053663, 19053635, 19055002, 19051948, 19053664, 19054992, 19051938, 19053636, 19053665, 19053637, 19055003, 19051949, 19053666, 19054993, 19051939, 19053638, 19053667, 19053639, 19055004, 19051950, 19053668, 19053640, 19054994, 19051940, 19053669, 19053674, 19053641, 19053670, 19053642, 19053671, 19053643, 19053672];[05:23, 05:31, 05:51, 05:59, 06:02, 06:27, 06:28, 06:52, 06:54, 07:18, 07:22, 07:44, 07:53, 07:55, 08:28, 08:32, 08:32, 08:32, 08:58, 08:59, 08:59, 09:02, 09:28, 09:32, 09:32, 09:32, 09:59, 09:59, 10:00, 10:02, 10:30, 10:32, 10:32, 10:32, 10:59, 10:59, 11:00, 11:02, 11:30, 11:32, 11:32, 11:32, 11:59, 11:59, 12:00, 12:02, 12:30, 12:32, 12:32, 12:32, 12:59, 12:59, 13:01, 13:02, 13:31, 13:32, 13:32, 13:32, 14:00, 14:00, 14:02, 14:03, 14:32, 14:32, 14:32, 14:35, 14:40, 15:00, 15:00, 15:02, 15:11, 15:32, 15:32, 15:32, 15:36, 16:01, 16:01, 16:02, 16:06, 16:32, 16:32, 16:32, 16:36, 17:01, 17:01, 17:02, 17:06, 17:32, 17:32, 17:32, 17:36, 18:02, 18:02, 18:02, 18:04, 18:31, 18:32, 19:01, 19:02, 19:31, 19:32, 20:02];[[0, 1, 2, 3, 4], [0, 1, 2, 3, 4], [0, 1, 2, 3, 4], [0, 1, 2, 3, 4], [0, 1, 2, 3, 4], [0, 1, 2, 3, 4], [0, 1, 2, 3, 4], [0, 1, 2, 3, 4], [0, 1, 2, 3, 4], [0, 1, 2, 3, 4], [0, 1, 2, 3, 4], [0, 1, 2, 3, 4], [0, 1, 2, 3, 4], [0, 1, 2, 3, 4], [0, 1, 2, 3, 4], [0, 1, 2, 3, 4], [5], [6], [0, 1, 2, 3, 4], [5], [6], [0, 1, 2, 3, 4], [0, 1, 2, 3, 4], [0, 1, 2, 3, 4], [5], [6], [5], [6], [0, 1, 2, 3, 4], [0, 1, 2, 3, 4], [0, 1, 2, 3, 4], [0, 1, 2, 3, 4], [5], [6], [5], [6], [0, 1, 2, 3, 4], [0, 1, 2, 3, 4], [0, 1, 2, 3, 4], [0, 1, 2, 3, 4], [5], [6], [5], [6], [0, 1, 2, 3, 4], [0, 1, 2, 3, 4], [0, 1, 2, 3, 4], [0, 1, 2, 3, 4], [5], [6], [5], [6], [0, 1, 2, 3, 4], [0, 1, 2, 3, 4], [0, 1, 2, 3, 4], [0, 1, 2, 3, 4], [5], [6], [5], [6], [0, 1, 2, 3, 4], [0, 1, 2, 3, 4], [0, 1, 2, 3, 4], [5], [6], [0, 1, 2, 3, 4], [0], [5], [6], [0, 1, 2, 3, 4], [0, 1, 2, 3, 4], [0, 1, 2, 3, 4], [5], [6], [0, 1, 2, 3, 4], [5], [6], [0, 1, 2, 3, 4], [0, 1, 2, 3, 4], [0, 1, 2, 3, 4], [5], [6], [0, 1, 2, 3, 4], [5], [6], [0, 1, 2, 3, 4], [0, 1, 2, 3, 4], [0, 1, 2, 3, 4], [5], [6], [0, 1, 2, 3, 4], [0, 1, 2, 3, 4], [5], [6], [0, 1, 2, 3, 4], [0, 1, 2, 3, 4], [0, 1, 2, 3, 4], [0, 1, 2, 3, 4], [0, 1, 2, 3, 4], [0, 1, 2, 3, 4], [0, 1, 2, 3, 4], [0, 1, 2, 3, 4]]
355;355;[19053158, 19055099, 19051924, 19053159, 19053160, 19053161, 19055100, 19051925, 19053162, 19055101, 19051926, 19053163, 19053164, 19055102, 19051927, 19053165, 19053166, 19055103, 19051928, 19053167, 19053168, 19055104, 19051929, 19053169, 19053170, 19055105, 19051930, 19053171, 19053172];[06:02, 06:33, 06:33, 07:02, 07:32, 08:32, 08:33, 08:33, 10:02, 10:33, 10:33, 11:02, 12:02, 12:33, 12:33, 13:02, 14:02, 14:33, 14:33, 15:02, 16:02, 16:33, 16:33, 17:02, 18:02, 18:33, 18:33, 19:02, 20:02];[[0, 1, 2, 3, 4], [5], [6], [0, 1, 2, 3, 4], [0, 1, 2, 3, 4], [0, 1, 2, 3, 4], [5], [6], [0, 1, 2, 3, 4], [5], [6], [0, 1, 2, 3, 4], [0, 1, 2, 3, 4], [5], [6], [0, 1, 2, 3, 4], [0, 1, 2, 3, 4], [5], [6], [0, 1, 2, 3, 4], [0, 1, 2, 3, 4], [5], [6], [0, 1, 2, 3, 4], [0, 1, 2, 3, 4], [5], [6], [0, 1, 2, 3, 4], [0, 1, 2, 3, 4]]
356;356;[19053270, 19053271, 19053272, 19053273, 19053274, 19053279, 19055079, 19051904, 19053275, 19053282, 19055080, 19051905, 19053263, 19055081, 19051906, 19053269, 19055082, 19051907, 19053280, 19055083, 19051908, 19053281, 19055084, 19051909, 19053276, 19055085, 19051910, 19053264, 19055086, 19051911, 19053265, 19055087, 19051912, 19053258, 19055088, 19051913, 19053266, 19055089, 19051914, 19053267, 19055090, 19051915, 19053268, 19055091, 19051916, 19053277, 19055092, 19051917, 19053278, 19055093, 19051918, 19053259, 19055094, 19051919, 19053260, 19055095, 19051920, 19053261, 19055096, 19051921, 19053262, 19055097, 19051922, 19053256, 19055098, 19051923, 19053257, 19053250, 19053251, 19053252, 19053253, 19053254, 19053255];[05:02, 05:32, 06:02, 06:32, 07:02, 07:32, 07:32, 07:32, 08:02, 08:32, 08:32, 08:32, 09:02, 09:02, 09:02, 09:32, 09:32, 09:32, 10:02, 10:02, 10:02, 10:32, 10:32, 10:32, 11:02, 11:02, 11:02, 11:32, 11:32, 11:32, 12:02, 12:02, 12:02, 12:32, 12:32, 12:32, 13:02, 13:02, 13:02, 13:32, 13:32, 13:32, 14:02, 14:02, 14:02, 14:32, 14:32, 14:32, 15:02, 15:02, 15:02, 15:32, 15:32, 15:32, 16:02, 16:02, 16:02, 16:32, 16:32, 16:32, 17:02, 17:02, 17:02, 17:32, 17:32, 17:32, 18:02, 18:32, 19:02, 19:32, 20:02, 20:32, 21:02];[[0, 1, 2, 3, 4], [0, 1, 2, 3, 4], [0, 1, 2, 3, 4], [0, 1, 2, 3, 4], [0, 1, 2, 3, 4], [0, 1, 2, 3, 4], [5], [6], [0, 1, 2, 3, 4], [0, 1, 2, 3, 4], [5], [6], [0, 1, 2, 3, 4], [5], [6], [0, 1, 2, 3, 4], [5], [6], [0, 1, 2, 3, 4], [5], [6], [0, 1, 2, 3, 4], [5], [6], [0, 1, 2, 3, 4], [5], [6], [0, 1, 2, 3, 4], [5], [6], [0, 1, 2, 3, 4], [5], [6], [0, 1, 2, 3, 4], [5], [6], [0, 1, 2, 3, 4], [5], [6], [0, 1, 2, 3, 4], [5], [6], [0, 1, 2, 3, 4], [5], [6], [0, 1, 2, 3, 4], [5], [6], [0, 1, 2, 3, 4], [5], [6], [0, 1, 2, 3, 4], [5], [6], [0, 1, 2, 3, 4], [5], [6], [0, 1, 2, 3, 4], [5], [6], [0, 1, 2, 3, 4], [5], [6], [0, 1, 2, 3, 4], [5], [6], [0, 1, 2, 3, 4], [0, 1, 2, 3, 4], [0, 1, 2, 3, 4], [0, 1, 2, 3, 4], [0, 1, 2, 3, 4], [0, 1, 2, 3, 4], [0, 1, 2, 3, 4]]
357;357;[19053140, 19053141, 19055106, 19051897, 19053142, 19053143, 19055107, 19051898, 19053144, 19053145, 19055108, 19051899, 19053146, 19053147, 19055109, 19051900, 19053148, 19053149, 19055110, 19051901, 19053150, 19053151, 19055111, 19051902, 19055112, 19051903];[06:32, 07:32, 07:33, 07:33, 08:32, 09:32, 09:33, 09:33, 10:32, 11:32, 11:33, 11:33, 12:32, 13:32, 13:33, 13:33, 14:32, 15:32, 15:33, 15:33, 16:32, 17:32, 17:33, 17:33, 19:33, 19:33];[[0, 1, 2, 3, 4], [0, 1, 2, 3, 4], [5], [6], [0, 1, 2, 3, 4], [0, 1, 2, 3, 4], [5], [6], [0, 1, 2, 3, 4], [0, 1, 2, 3, 4], [5], [6], [0, 1, 2, 3, 4], [0, 1, 2, 3, 4], [5], [6], [0, 1, 2, 3, 4], [0, 1, 2, 3, 4], [5], [6], [0, 1, 2, 3, 4], [0, 1, 2, 3, 4], [5], [6], [5], [6]]
358;358;[19053242, 19053243, 19053244, 19053245, 19053246, 19053247, 19053248, 19053249];[06:02, 08:02, 10:02, 12:02, 14:02, 16:02, 18:02, 20:02];[[0, 1, 2, 3, 4], [0, 1, 2, 3, 4], [0, 1, 2, 3, 4], [0, 1, 2, 3, 4], [0, 1, 2, 3, 4], [0, 1, 2, 3, 4], [0, 1, 2, 3, 4], [0, 1, 2, 3, 4]]
359;359;[19053234, 19053235, 19053236, 19053237, 19053238, 19053239, 19053240, 19053241];[05:02, 07:02, 09:02, 11:02, 13:02, 15:02, 17:02, 19:02];[[0, 1, 2, 3, 4], [0, 1, 2, 3, 4], [0, 1, 2, 3, 4], [0, 1, 2, 3, 4], [0, 1, 2, 3, 4], [0, 1, 2, 3, 4], [0, 1, 2, 3, 4], [0, 1, 2, 3, 4]]
371;371;[19071481, 19071482, 19071483, 19071484, 19071485, 19071486, 19071487, 19071488, 19071489, 19071490, 19071491];[04:46, 05:40, 06:30, 07:35, 08:30, 14:15, 15:05, 16:05, 16:55, 17:45, 18:35];[[0, 1, 2, 3, 4], [0, 1, 2, 3, 4], [0, 1, 2, 3, 4], [0, 1, 2, 3, 4], [0, 1, 2, 3, 4], [0, 1, 2, 3, 4], [0, 1, 2, 3, 4], [0, 1, 2, 3, 4], [0, 1, 2, 3, 4], [0, 1, 2, 3, 4], [0, 1, 2, 3, 4]]
388;388;[19053344, 19054746, 19051896, 19053348, 19054737, 19051887, 19054745, 19051895, 19053345, 19054739, 19051889, 19053352, 19053349, 19054738, 19051888, 19054740, 19051890, 19053350, 19054727, 19051877, 19053353, 19053351, 19053354, 19054728, 19054729, 19051878, 19051879, 19053355, 19053338, 19054730, 19054731, 19051880, 19051881, 19053339, 19054732, 19051882, 19053356, 19054733, 19051883, 19053346, 19054741, 19051891, 19053357, 19054734, 19051884, 19053340, 19054735, 19051885, 19054742, 19051892, 19053347, 19053342, 19054743, 19051893, 19054736, 19051886, 19053341, 19054744, 19051894, 19053343];[04:33, 04:33, 04:33, 05:03, 05:33, 05:33, 06:06, 06:06, 06:08, 06:33, 06:33, 07:03, 07:04, 07:06, 07:06, 08:33, 08:33, 09:03, 09:03, 09:03, 09:05, 11:02, 11:03, 11:03, 11:03, 11:03, 11:03, 13:00, 13:03, 13:03, 13:03, 13:03, 13:03, 15:01, 15:01, 15:01, 15:03, 15:03, 15:03, 16:03, 16:03, 16:03, 16:59, 17:01, 17:01, 17:03, 17:03, 17:03, 18:08, 18:08, 18:10, 19:03, 19:03, 19:03, 19:08, 19:08, 19:14, 21:09, 21:09, 21:10];[[0, 1, 2, 3, 4], [5], [6], [0, 1, 2, 3, 4], [5], [6], [5], [6], [0, 1, 2, 3, 4], [5], [6], [0, 1, 2, 3, 4], [0, 1, 2, 3, 4], [5], [6], [5], [6], [0, 1, 2, 3, 4], [5], [6], [0, 1, 2, 3, 4], [0, 1, 2, 3, 4], [0, 1, 2, 3, 4], [5], [5], [6], [6], [0, 1, 2, 3, 4], [0, 1, 2, 3, 4], [5], [5], [6], [6], [0, 1, 2, 3, 4], [5], [6], [0, 1, 2, 3, 4], [5], [6], [0, 1, 2, 3, 4], [5], [6], [0, 1, 2, 3, 4], [5], [6], [0, 1, 2, 3, 4], [5], [6], [5], [6], [0, 1, 2, 3, 4], [0, 1, 2, 3, 4], [5], [6], [5], [6], [0, 1, 2, 3, 4], [5], [6], [0, 1, 2, 3, 4]]
392;392;[19071492, 19071493, 19071508, 19055645, 19051613, 19071509, 19071494, 19055652, 19051614, 19055646, 19051598, 19071510, 19071495, 19055674, 19051615, 19071496, 19071511, 19055653, 19051600, 19071512, 19071497, 19055647, 19051616, 19055673, 19051602, 19071513, 19071498, 19055666, 19051617, 19071499, 19055648, 19051604, 19071514, 19071515, 19055654, 19051618, 19071500, 19055655, 19051606, 19071501, 19071516, 19055649, 19051619, 19055672, 19051608, 19071517, 19071502, 19055656, 19051620, 19071503, 19055650, 19051610, 19071518, 19071519, 19055651, 19051621, 19071504, 19055657, 19051612, 19071520, 19071505, 19071506, 19071521, 19071507];[04:51, 05:45, 05:51, 06:03, 06:03, 06:45, 06:51, 07:25, 07:25, 07:50, 07:50, 07:51, 07:55, 08:45, 08:45, 08:51, 08:55, 09:10, 09:10, 09:43, 09:45, 10:05, 10:05, 10:30, 10:30, 10:45, 10:51, 11:25, 11:25, 11:45, 11:50, 11:50, 11:51, 12:45, 12:45, 12:45, 12:51, 13:10, 13:10, 13:45, 13:51, 14:05, 14:05, 14:30, 14:30, 14:45, 14:51, 15:25, 15:25, 15:45, 15:50, 15:50, 15:51, 16:45, 16:45, 16:45, 16:51, 17:10, 17:10, 17:51, 17:55, 18:51, 18:55, 19:55];[[0, 1, 2, 3, 4], [0, 1, 2, 3, 4], [0, 1, 2, 3, 4], [5], [6], [0, 1, 2, 3, 4], [0, 1, 2, 3, 4], [5], [6], [5], [6], [0, 1, 2, 3, 4], [0, 1, 2, 3, 4], [5], [6], [0, 1, 2, 3, 4], [0, 1, 2, 3, 4], [5], [6], [0, 1, 2, 3, 4], [0, 1, 2, 3, 4], [5], [6], [5], [6], [0, 1, 2, 3, 4], [0, 1, 2, 3, 4], [5], [6], [0, 1, 2, 3, 4], [5], [6], [0, 1, 2, 3, 4], [0, 1, 2, 3, 4], [5], [6], [0, 1, 2, 3, 4], [5], [6], [0, 1, 2, 3, 4], [0, 1, 2, 3, 4], [5], [6], [5], [6], [0, 1, 2, 3, 4], [0, 1, 2, 3, 4], [5], [6], [0, 1, 2, 3, 4], [5], [6], [0, 1, 2, 3, 4], [0, 1, 2, 3, 4], [5], [6], [0, 1, 2, 3, 4], [5], [6], [0, 1, 2, 3, 4], [0, 1, 2, 3, 4], [0, 1, 2, 3, 4], [0, 1, 2, 3, 4], [0, 1, 2, 3, 4]]
395;395;[19055658, 19051597, 19071522, 19055659, 19051589, 19071523, 19055677, 19051599, 19055671, 19051590, 19055660, 19051601, 19071524, 19055661, 19051591, 19055676, 19051603, 19071525, 19055668, 19051592, 19055667, 19051605, 19071526, 19055669, 19051593, 19055662, 19051607, 19071527, 19055663, 19051594, 19055675, 19051609, 19071528, 19055670, 19051595, 19055664, 19051611, 19055665, 19051596, 19071529];[06:52, 06:52, 07:01, 08:02, 08:02, 08:10, 08:12, 08:12, 09:22, 09:22, 09:32, 09:32, 10:01, 10:42, 10:42, 10:52, 10:52, 11:20, 12:02, 12:02, 12:12, 12:12, 12:42, 13:22, 13:22, 13:32, 13:32, 14:25, 14:42, 14:42, 14:52, 14:52, 15:52, 16:02, 16:02, 16:12, 16:12, 17:22, 17:22, 18:05];[[5], [6], [0, 1, 2, 3, 4], [5], [6], [0, 1, 2, 3, 4], [5], [6], [5], [6], [5], [6], [0, 1, 2, 3, 4], [5], [6], [5], [6], [0, 1, 2, 3, 4], [5], [6], [5], [6], [0, 1, 2, 3, 4], [5], [6], [5], [6], [0, 1, 2, 3, 4], [5], [6], [5], [6], [0, 1, 2, 3, 4], [5], [6], [5], [6], [5], [6], [0, 1, 2, 3, 4]]
445;445;[19052524, 19052518, 19052525, 19052514, 19052521, 19052522, 19052523, 19052517, 19052519, 19052520, 19052516, 19052515, 19052527, 19052526];[06:55, 07:16, 07:31, 08:31, 08:36, 09:16, 10:16, 14:56, 15:36, 15:56, 16:36, 16:58, 17:16, 18:16];[[0, 1, 2, 3, 4], [0, 1, 2, 3, 4], [0, 1, 2, 3, 4], [0, 1, 2, 3, 4], [0, 1, 2, 3, 4], [0, 1, 2, 3, 4], [0, 1, 2, 3, 4], [0, 1, 2, 3, 4], [0, 1, 2, 3, 4], [0, 1, 2, 3, 4], [0, 1, 2, 3, 4], [0, 1, 2, 3, 4], [0, 1, 2, 3, 4], [0, 1, 2, 3, 4]]
471;471;[];[];[]
472;472;[];[];[]
473;473;[19071537, 19071538, 19071539, 19071548, 19071547, 19071550, 19071553, 19071557];[06:30, 07:10, 08:10, 08:50, 15:24, 16:04, 17:04, 18:05];[[0, 1, 2, 3, 4], [0, 1, 2, 3, 4], [0, 1, 2, 3, 4], [0, 1, 2, 3, 4], [0, 1, 2, 3, 4], [0, 1, 2, 3, 4], [0, 1, 2, 3, 4], [0, 1, 2, 3, 4]]
478;478;[];[];[]
479;479;[19071540, 19071541, 19071542, 19071545, 19071549, 19071552, 19071555, 19071558];[06:30, 07:10, 08:10, 08:50, 15:20, 16:00, 17:00, 18:03];[[0, 1, 2, 3, 4], [0, 1, 2, 3, 4], [0, 1, 2, 3, 4], [0, 1, 2, 3, 4], [0, 1, 2, 3, 4], [0, 1, 2, 3, 4], [0, 1, 2, 3, 4], [0, 1, 2, 3, 4]]
604;604;[19053612, 19053610, 19053611, 19053609, 19053608];[06:53, 07:30, 14:22, 15:17, 17:23];[[0, 1, 2, 3, 4], [0, 1, 2, 3, 4], [0, 1, 2, 3, 4], [0, 1, 2, 3, 4], [0, 1, 2, 3, 4]]
608;608;[19053681, 19053683, 19053682];[08:02, 09:16, 15:42];[[1, 2, 3, 4], [0], [0, 1, 2, 3, 4]]
609;609;[19053155, 19053156, 19053157];[07:43, 14:50, 15:45];[[0, 1, 2, 3, 4], [2], [0, 1, 3, 4]]
623;623;[19052603, 19052600, 19052601, 19052602];[07:15, 13:26, 14:50, 15:45];[[0, 1, 2, 3, 4], [0], [2], [0, 1, 2, 3, 4]]
632;632;[19053153, 19053154, 19053152];[07:50, 08:50, 15:40];[[1, 2, 3, 4], [0], [0, 1, 2, 3, 4]]
651;651;[19053675, 19053676, 19053677];[07:52, 14:19, 15:14];[[0, 1, 2, 3, 4], [0], [1, 2, 3, 4]]
652;652;[19053678, 19053679, 19053680];[07:45, 14:15, 15:10];[[0, 1, 2, 3, 4], [0], [1, 2, 3, 4]]
498;498;[];[];[]
