1A;Johnson/Tank Farm/Airport;[1, 2, 3, 4, 5, 6, 7, 8, 9, 10, 11, 12, 13, 14, 15, 16];[06:15, 07:15, 08:15, 09:15, 10:15, 11:15, 12:15, 13:15, 14:15, 15:15, 16:15, 17:15, 18:15, 19:15, 20:15, 21:15];[[0, 1, 2, 3, 4], [0, 1, 2, 3, 4], [0, 1, 2, 3, 4, 5, 6], [0, 1, 2, 3, 4, 5, 6], [0, 1, 2, 3, 4, 5, 6], [0, 1, 2, 3, 4, 5, 6], [0, 1, 2, 3, 4, 5, 6], [0, 1, 2, 3, 4, 5, 6], [0, 1, 2, 3, 4, 5, 6], [0, 1, 2, 3, 4, 5, 6], [0, 1, 2, 3, 4, 5, 6], [0, 1, 2, 3, 4, 5, 6], [0, 1, 2, 3, 4, 5, 6], [0, 1, 2, 3, 4, 5, 6], [0, 1, 2, 3, 4], [0, 1, 2, 3, 4]]
1B;Broad/Airport/Johnson;[17, 18, 19, 20, 21, 22, 23, 24, 25, 26, 27, 28];[06:45, 07:45, 08:45, 09:45, 10:45, 11:45, 12:45, 13:45, 14:45, 15:45, 16:45, 17:45];[[0, 1, 2, 3, 4], [0, 1, 2, 3, 4], [0, 1, 2, 3, 4], [0, 1, 2, 3, 4], [0, 1, 2, 3, 4], [0, 1, 2, 3, 4], [0, 1, 2, 3, 4], [0, 1, 2, 3, 4], [0, 1, 2, 3, 4], [0, 1, 2, 3, 4], [0, 1, 2, 3, 4], [0, 1, 2, 3, 4]]
2A;Higuera/LOVR/Madonna;[29, 30, 31, 32, 33, 34, 35, 36, 37, 38, 39, 40, 41, 42, 43, 44];[06:15, 07:15, 08:15, 09:15, 10:15, 11:15, 12:15, 13:15, 14:15, 15:15, 16:15, 17:15, 18:15, 19:15, 20:15, 21:15];[[0, 1, 2, 3, 4], [0, 1, 2, 3, 4], [0, 1, 2, 3, 4, 5, 6], [0, 1, 2, 3, 4, 5, 6], [0, 1, 2, 3, 4, 5, 6], [0, 1, 2, 3, 4, 5, 6], [0, 1, 2, 3, 4, 5, 6], [0, 1, 2, 3, 4, 5, 6], [0, 1, 2, 3, 4, 5, 6], [0, 1, 2, 3, 4, 5, 6], [0, 1, 2, 3, 4, 5, 6], [0, 1, 2, 3, 4, 5, 6], [0, 1, 2, 3, 4, 5, 6], [0, 1, 2, 3, 4, 5, 6], [0, 1, 2, 3, 4], [0, 1, 2, 3, 4]]
2B;Madonna/LOVR/Higuera;[45, 46, 47, 48, 49, 50, 51, 52, 53, 54, 55, 56];[06:45, 07:45, 08:45, 09:45, 10:45, 11:45, 12:45, 13:45, 14:45, 15:45, 16:45, 17:45];[[0, 1, 2, 3, 4], [0, 1, 2, 3, 4], [0, 1, 2, 3, 4], [0, 1, 2, 3, 4], [0, 1, 2, 3, 4], [0, 1, 2, 3, 4], [0, 1, 2, 3, 4], [0, 1, 2, 3, 4], [0, 1, 2, 3, 4], [0, 1, 2, 3, 4], [0, 1, 2, 3, 4], [0, 1, 2, 3, 4]]
3A;Promenade/LOVR/Cal Poly;[163, 169, 175, 164, 170, 176, 165, 171, 177, 166, 172, 178, 167, 173, 179, 168, 174, 180, 181, 182, 183, 184, 185, 186, 187, 188, 189, 190, 191];[06:00, 06:20, 06:40, 07:00, 07:20, 07:40, 08:00, 08:20, 08:40, 09:00, 09:20, 09:40, 10:00, 10:20, 10:40, 11:00, 11:20, 11:40, 12:15, 13:15, 14:15, 15:15, 16:15, 17:15, 18:15, 19:15, 20:15, 21:15, 22:15];[[0, 1, 2, 3, 4], [0, 1, 2, 3, 4], [0, 1, 2, 3, 4], [0, 1, 2, 3, 4], [0, 1, 2, 3, 4], [0, 1, 2, 3, 4], [0, 1, 2, 3, 4], [0, 1, 2, 3, 4, 5, 6], [0, 1, 2, 3, 4], [0, 1, 2, 3, 4], [0, 1, 2, 3, 4, 5, 6], [0, 1, 2, 3, 4], [0, 1, 2, 3, 4], [0, 1, 2, 3, 4, 5, 6], [0, 1, 2, 3, 4], [0, 1, 2, 3, 4], [0, 1, 2, 3, 4, 5, 6], [0, 1, 2, 3, 4], [0, 1, 2, 3, 4, 5, 6], [0, 1, 2, 3, 4, 5, 6], [0, 1, 2, 3, 4, 5, 6], [0, 1, 2, 3, 4, 5, 6], [0, 1, 2, 3, 4, 5, 6], [0, 1, 2, 3, 4, 5, 6], [0, 1, 2, 3, 4, 5, 6], [0, 1, 2, 3, 4, 5, 6], [0, 1, 2, 3, 4], [0, 1, 2, 3, 4], [0, 1, 2, 3, 4]]
3B;Cal Poly/LOVR/Amtrak;[86, 87, 88, 89, 90, 91, 92, 102, 93, 103, 94, 104, 95, 105, 96, 106, 97, 107, 98, 99, 100, 101];[06:45, 07:45, 08:45, 09:45, 10:45, 11:45, 12:45, 13:00, 13:45, 14:00, 14:45, 15:00, 15:45, 16:00, 16:45, 17:00, 17:45, 18:00, 18:45, 19:45, 20:45, 21:45];[[0, 1, 2, 3, 4], [0, 1, 2, 3, 4], [0, 1, 2, 3, 4], [0, 1, 2, 3, 4], [0, 1, 2, 3, 4], [0, 1, 2, 3, 4], [0, 1, 2, 3, 4], [0, 1, 2, 3, 4], [0, 1, 2, 3, 4], [0, 1, 2, 3, 4], [0, 1, 2, 3, 4], [0, 1, 2, 3, 4], [0, 1, 2, 3, 4], [0, 1, 2, 3, 4], [0, 1, 2, 3, 4], [0, 1, 2, 3, 4], [0, 1, 2, 3, 4], [0, 1, 2, 3, 4], [0, 1, 2, 3, 4], [0, 1, 2, 3, 4], [0, 1, 2, 3, 4], [0, 1, 2, 3, 4]]
4A;Monterey/Foothill/Cal Poly;[108, 109, 110, 111, 112, 113, 114, 115, 116, 117, 118, 119, 120, 121, 122, 123, 124, 125, 126, 192, 193, 194, 195];[06:00, 06:45, 07:30, 08:15, 09:00, 09:45, 10:30, 11:15, 12:00, 12:45, 13:30, 14:15, 15:00, 15:45, 16:30, 17:15, 18:00, 18:45, 19:30, 20:15, 21:00, 21:45, 22:30];[[0, 1, 2, 3, 4], [0, 1, 2, 3, 4], [0, 1, 2, 3, 4], [0, 1, 2, 3, 4, 5, 6], [0, 1, 2, 3, 4, 5, 6], [0, 1, 2, 3, 4, 5, 6], [0, 1, 2, 3, 4, 5, 6], [0, 1, 2, 3, 4, 5, 6], [0, 1, 2, 3, 4, 5, 6], [0, 1, 2, 3, 4, 5, 6], [0, 1, 2, 3, 4, 5, 6], [0, 1, 2, 3, 4, 5, 6], [0, 1, 2, 3, 4, 5, 6], [0, 1, 2, 3, 4, 5, 6], [0, 1, 2, 3, 4, 5, 6], [0, 1, 2, 3, 4, 5, 6], [0, 1, 2, 3, 4, 5, 6], [0, 1, 2, 3, 4, 5, 6], [0, 1, 2, 3, 4, 5, 6], [0, 1, 2, 3, 4], [0, 1, 2, 3, 4], [0, 1, 2, 3, 4], [0, 1, 2, 3, 4]]
4B;Cal Poly/Ramona/Monterey;[196, 197, 198, 199, 200, 201, 202, 203, 204, 205, 206, 207, 208, 209, 210, 211, 212, 213, 214, 215, 216, 217];[06:15, 07:00, 07:45, 08:30, 09:15, 10:00, 10:45, 11:30, 12:15, 13:00, 13:45, 14:30, 15:15, 16:00, 16:45, 17:30, 18:15, 19:00, 19:45, 20:30, 21:15, 22:00];[[0, 1, 2, 3, 4], [0, 1, 2, 3, 4], [0, 1, 2, 3, 4], [0, 1, 2, 3, 4], [0, 1, 2, 3, 4], [0, 1, 2, 3, 4], [0, 1, 2, 3, 4], [0, 1, 2, 3, 4], [0, 1, 2, 3, 4], [0, 1, 2, 3, 4], [0, 1, 2, 3, 4], [0, 1, 2, 3, 4], [0, 1, 2, 3, 4], [0, 1, 2, 3, 4], [0, 1, 2, 3, 4], [0, 1, 2, 3, 4], [0, 1, 2, 3, 4], [0, 1, 2, 3, 4], [0, 1, 2, 3, 4], [0, 1, 2, 3, 4], [0, 1, 2, 3, 4], [0, 1, 2, 3, 4]]
6X;6 Express;[153, 236, 237, 238, 239, 240, 241];[18:00, 18:30, 19:00, 19:30, 20:00, 20:30, 21:00];[[3], [3], [3], [3], [3], [3], [3]]
LT;Laguna Tripper;[161, 160, 257];[07:35, 08:50, 15:10];[[1, 2, 3, 4], [0], [0, 1, 2, 3, 4]]
TR;Old SLO Trolley;[218, 242, 243, 244, 245, 246, 247, 248, 249, 250, 251, 252, 253, 254, 255, 256];[12:00, 12:30, 13:00, 13:30, 14:00, 14:30, 15:00, 15:30, 17:00, 17:30, 18:00, 18:30, 19:10, 19:40, 20:10, 20:40];[[3], [3], [3], [3], [3], [3], [3], [3], [3], [3], [3], [3], [3], [3], [3], [3]]
