002;Concord Pike;[646748, 657745, 646747, 646771, 657889, 658415, 646770, 646746, 657908, 646852, 646785, 657890, 646811, 646768, 646765, 657909, 658514, 646745, 646810, 646850, 657891, 646769, 646764, 646809, 646849, 657910, 646767, 657932, 657892, 646766, 646763, 646826, 646848, 657911, 658199, 646742, 657893, 646808, 646793, 646847, 658048, 657912, 646790, 646741, 646807, 657894, 646846, 657982, 657981, 646821, 657913, 646792, 646761, 646845, 657895, 658515, 646762, 646834, 646844, 657914, 646783, 646737, 657896, 646819, 658016, 646760, 646843, 657915, 646789, 657983, 646820, 657897, 646842, 646788, 646738, 646818, 646782, 657916, 646853, 646736, 657898, 646781, 646827, 646841, 657917, 646734, 658018, 657899, 646817, 646733, 646857, 646787, 657918, 657986, 646832, 657900, 646840, 646780, 646731, 646816, 646777, 657919, 646750, 646838, 657901, 657987, 646815, 658416, 658019, 657920, 646730, 657902, 646814, 646757, 646839, 657921, 646774, 646749, 646813, 657903, 646836, 646779, 646728, 646833, 657922, 658020, 646752, 646837, 657904, 646755, 646812, 646851, 657923, 646773, 646726, 657905, 646824, 646778, 646854, 646725, 657924, 646823, 646803, 657906, 657989, 646855, 646801, 646758, 646822, 657925, 646859, 657907, 658021, 646829, 646858, 646756, 646802, 657926, 646825, 657927, 646856, 646800, 646754, 646828, 657929, 646862, 657928, 646799, 646831, 646864, 646753, 657930, 658723, 646830, 646860, 646798, 658724, 646835, 646861, 658104, 646863, 646804, 658105, 646797];[ 5:00,  5:33,  6:00,  6:08,  6:25,  6:30,  6:37,  6:45,  6:53,  7:03,  7:05,  7:10,  7:15,  7:22,  7:25,  7:38,  7:39,  7:45,  7:45,  7:49,  7:50,  8:03,  8:05,  8:15,  8:19,  8:19,  8:23,  8:25,  8:30,  8:43,  8:45,  8:45,  8:52,  8:59,  9:03,  9:05,  9:10,  9:15,  9:23,  9:24,  9:25,  9:42,  9:43,  9:45,  9:45,  9:50,  9:55, 10:03, 10:05, 10:15, 10:22, 10:23, 10:25, 10:25, 10:30, 10:43, 10:45, 10:45, 10:55, 11:02, 11:03, 11:05, 11:10, 11:15, 11:23, 11:25, 11:25, 11:42, 11:43, 11:45, 11:45, 11:50, 11:55, 12:03, 12:05, 12:15, 12:23, 12:23, 12:26, 12:30, 12:30, 12:42, 12:45, 12:57, 13:03, 13:05, 13:07, 13:10, 13:15, 13:25, 13:27, 13:42, 13:43, 13:45, 13:45, 13:50, 13:57, 14:02, 14:05, 14:15, 14:22, 14:23, 14:25, 14:27, 14:30, 14:45, 14:45, 14:57, 15:02, 15:03, 15:05, 15:10, 15:15, 15:25, 15:26, 15:40, 15:43, 15:45, 15:45, 15:50, 15:55, 16:03, 16:05, 16:15, 16:20, 16:23, 16:25, 16:25, 16:30, 16:45, 16:45, 16:55, 17:00, 17:03, 17:10, 17:10, 17:15, 17:23, 17:25, 17:30, 17:40, 17:45, 17:48, 17:50, 17:55, 17:55, 18:08, 18:15, 18:15, 18:20, 18:21, 18:30, 18:32, 18:40, 18:48, 18:50, 18:50, 19:00, 19:10, 19:10, 19:13, 19:25, 19:30, 19:40, 19:40, 19:43, 19:50, 20:03, 20:10, 20:13, 20:15, 20:17, 20:30, 20:40, 20:42, 20:48, 20:57, 21:10, 21:12, 21:25, 21:42, 21:58, 22:45, 23:18];[[0, 1, 2, 3, 4], [0, 1, 2, 3, 4], [0, 1, 2, 3, 4], [0, 1, 2, 3, 4], [6], [5], [0, 1, 2, 3, 4], [0, 1, 2, 3, 4], [6], [5], [0, 1, 2, 3, 4], [6], [5], [0, 1, 2, 3, 4], [0, 1, 2, 3, 4], [6], [0, 1, 2, 3, 4], [0, 1, 2, 3, 4], [5], [5], [6], [0, 1, 2, 3, 4], [0, 1, 2, 3, 4], [5], [5], [6], [0, 1, 2, 3, 4], [0, 1, 2, 3, 4], [6], [0, 1, 2, 3, 4], [0, 1, 2, 3, 4], [5], [5], [6], [0, 1, 2, 3, 4], [0, 1, 2, 3, 4], [6], [5], [0, 1, 2, 3, 4], [5], [0, 1, 2, 3, 4], [6], [0, 1, 2, 3, 4], [0, 1, 2, 3, 4], [5], [6], [5], [0, 1, 2, 3, 4], [0, 1, 2, 3, 4], [5], [6], [0, 1, 2, 3, 4], [0, 1, 2, 3, 4], [5], [6], [0, 1, 2, 3, 4], [0, 1, 2, 3, 4], [5], [5], [6], [0, 1, 2, 3, 4], [0, 1, 2, 3, 4], [6], [5], [0, 1, 2, 3, 4], [0, 1, 2, 3, 4], [5], [6], [0, 1, 2, 3, 4], [0, 1, 2, 3, 4], [5], [6], [5], [0, 1, 2, 3, 4], [0, 1, 2, 3, 4], [5], [0, 1, 2, 3, 4], [6], [5], [0, 1, 2, 3, 4], [6], [0, 1, 2, 3, 4], [5], [5], [6], [0, 1, 2, 3, 4], [0, 1, 2, 3, 4], [6], [5], [0, 1, 2, 3, 4], [5], [0, 1, 2, 3, 4], [6], [0, 1, 2, 3, 4], [5], [6], [5], [0, 1, 2, 3, 4], [0, 1, 2, 3, 4], [5], [0, 1, 2, 3, 4], [6], [0, 1, 2, 3, 4], [5], [6], [0, 1, 2, 3, 4], [5], [5], [0, 1, 2, 3, 4], [6], [0, 1, 2, 3, 4], [6], [5], [0, 1, 2, 3, 4], [5], [6], [0, 1, 2, 3, 4], [0, 1, 2, 3, 4], [5], [6], [5], [0, 1, 2, 3, 4], [0, 1, 2, 3, 4], [5], [6], [0, 1, 2, 3, 4], [0, 1, 2, 3, 4], [5], [6], [0, 1, 2, 3, 4], [5], [5], [6], [0, 1, 2, 3, 4], [0, 1, 2, 3, 4], [6], [5], [0, 1, 2, 3, 4], [5], [0, 1, 2, 3, 4], [6], [5], [0, 1, 2, 3, 4], [6], [0, 1, 2, 3, 4], [5], [0, 1, 2, 3, 4], [0, 1, 2, 3, 4], [5], [6], [5], [6], [0, 1, 2, 3, 4], [5], [5], [0, 1, 2, 3, 4], [0, 1, 2, 3, 4], [6], [5], [6], [5], [0, 1, 2, 3, 4], [0, 1, 2, 3, 4], [5], [6], [5], [6], [0, 1, 2, 3, 4], [5], [5], [0, 1, 2, 3, 4], [6], [6], [5], [5], [0, 1, 2, 3, 4], [6], [5], [5], [0, 1, 2, 3, 4], [5], [0, 1, 2, 3, 4], [0, 1, 2, 3, 4], [0, 1, 2, 3, 4]]
004;W 4th Street / Governor Printz Blvd;[646984, 646982, 646985, 646943, 646986, 646944, 646987, 646945, 647070, 646988, 647031, 647069, 646946, 646989, 646947, 647109, 647086, 647068, 647030, 646990, 646948, 647067, 647029, 646991, 646949, 646992, 647028, 647098, 647108, 647066, 646950, 646993, 647027, 647065, 646951, 646994, 647064, 647107, 647037, 646952, 647097, 646995, 647063, 646953, 647026, 646996, 646954, 647051, 647062, 647096, 646997, 647106, 646955, 647050, 647061, 646998, 646956, 646999, 647060, 647105, 647049, 647095, 646957, 647000, 647059, 647048, 646958, 647001, 646959, 647047, 647094, 647058, 647104, 647002, 646960, 647046, 647057, 647003, 646961, 647093, 647004, 647056, 647103, 647045, 646962, 647005, 647080, 646963, 647044, 647006, 647102, 647079, 646964, 647092, 647043, 647007, 646965, 647078, 647008, 647042, 646966, 647077, 647101, 647091, 647009, 647041, 646967, 647010, 647076, 647040, 646968, 647011, 647100, 647090, 647039, 647075, 646969, 647012, 646970, 647074, 647038, 647013, 646971, 647099, 647073, 647089, 647014, 647036, 646972, 647015, 647055, 647035, 646973, 647016, 647111, 647088, 647034, 647072, 646974, 647017, 646983, 647033, 647071, 647018, 646975, 647110, 647083, 647087, 647032, 647019, 646976, 647025, 647082, 647053, 647020, 657880, 647081, 657881, 646977, 647021, 647054, 647084, 646978, 647052, 647022, 646979, 647085, 647023, 646980, 646981, 647024];[ 5:00,  5:15,  5:29,  5:34,  5:49,  5:58,  6:07,  6:26,  6:26,  6:29,  6:46,  6:46,  6:48,  6:54,  7:08,  7:11,  7:15,  7:16,  7:22,  7:23,  7:32,  7:39,  7:42,  7:48,  7:57,  8:08,  8:12,  8:12,  8:13,  8:15,  8:27,  8:32,  8:35,  8:35,  8:52,  8:57,  9:05,  9:10,  9:11,  9:12,  9:15,  9:26,  9:29,  9:35,  9:36,  9:53, 10:00, 10:08, 10:10, 10:11, 10:13, 10:13, 10:29, 10:32, 10:35, 10:36, 10:56, 11:01, 11:07, 11:09, 11:13, 11:14, 11:16, 11:30, 11:31, 11:38, 11:39, 11:57, 12:04, 12:10, 12:10, 12:12, 12:12, 12:17, 12:34, 12:35, 12:37, 12:40, 13:01, 13:04, 13:10, 13:10, 13:11, 13:18, 13:21, 13:35, 13:35, 13:42, 13:43, 14:02, 14:05, 14:08, 14:09, 14:15, 14:16, 14:24, 14:39, 14:40, 14:43, 14:43, 15:00, 15:05, 15:07, 15:09, 15:10, 15:14, 15:24, 15:40, 15:43, 15:47, 15:49, 16:01, 16:07, 16:10, 16:11, 16:14, 16:17, 16:25, 16:46, 16:47, 16:49, 16:50, 17:07, 17:08, 17:11, 17:15, 17:18, 17:20, 17:32, 17:47, 17:49, 17:53, 17:56, 18:08, 18:13, 18:16, 18:17, 18:20, 18:24, 18:33, 18:50, 18:50, 18:52, 18:54, 19:11, 19:12, 19:15, 19:15, 19:17, 19:22, 19:36, 19:48, 19:48, 19:52, 20:09, 20:12, 20:15, 20:15, 20:22, 20:34, 20:48, 20:50, 21:09, 21:15, 21:20, 21:32, 21:42, 22:05, 22:17, 23:02, 23:13];[[0, 1, 2, 3, 4], [0, 1, 2, 3, 4], [0, 1, 2, 3, 4], [0, 1, 2, 3, 4], [0, 1, 2, 3, 4], [0, 1, 2, 3, 4], [0, 1, 2, 3, 4], [0, 1, 2, 3, 4], [5], [0, 1, 2, 3, 4], [5], [5], [0, 1, 2, 3, 4], [0, 1, 2, 3, 4], [0, 1, 2, 3, 4], [6], [6], [5], [5], [0, 1, 2, 3, 4], [0, 1, 2, 3, 4], [5], [5], [0, 1, 2, 3, 4], [0, 1, 2, 3, 4], [0, 1, 2, 3, 4], [5], [6], [6], [5], [0, 1, 2, 3, 4], [0, 1, 2, 3, 4], [5], [5], [0, 1, 2, 3, 4], [0, 1, 2, 3, 4], [5], [6], [5], [0, 1, 2, 3, 4], [6], [0, 1, 2, 3, 4], [5], [0, 1, 2, 3, 4], [5], [0, 1, 2, 3, 4], [0, 1, 2, 3, 4], [5], [5], [6], [0, 1, 2, 3, 4], [6], [0, 1, 2, 3, 4], [5], [5], [0, 1, 2, 3, 4], [0, 1, 2, 3, 4], [0, 1, 2, 3, 4], [5], [6], [5], [6], [0, 1, 2, 3, 4], [0, 1, 2, 3, 4], [5], [5], [0, 1, 2, 3, 4], [0, 1, 2, 3, 4], [0, 1, 2, 3, 4], [5], [6], [5], [6], [0, 1, 2, 3, 4], [0, 1, 2, 3, 4], [5], [5], [0, 1, 2, 3, 4], [0, 1, 2, 3, 4], [6], [0, 1, 2, 3, 4], [5], [6], [5], [0, 1, 2, 3, 4], [0, 1, 2, 3, 4], [5], [0, 1, 2, 3, 4], [5], [0, 1, 2, 3, 4], [6], [5], [0, 1, 2, 3, 4], [6], [5], [0, 1, 2, 3, 4], [0, 1, 2, 3, 4], [5], [0, 1, 2, 3, 4], [5], [0, 1, 2, 3, 4], [5], [6], [6], [0, 1, 2, 3, 4], [5], [0, 1, 2, 3, 4], [0, 1, 2, 3, 4], [5], [5], [0, 1, 2, 3, 4], [0, 1, 2, 3, 4], [6], [6], [5], [5], [0, 1, 2, 3, 4], [0, 1, 2, 3, 4], [0, 1, 2, 3, 4], [5], [5], [0, 1, 2, 3, 4], [0, 1, 2, 3, 4], [6], [5], [6], [0, 1, 2, 3, 4], [5], [0, 1, 2, 3, 4], [0, 1, 2, 3, 4], [5], [5], [0, 1, 2, 3, 4], [0, 1, 2, 3, 4], [6], [6], [5], [5], [0, 1, 2, 3, 4], [0, 1, 2, 3, 4], [0, 1, 2, 3, 4], [5], [5], [0, 1, 2, 3, 4], [0, 1, 2, 3, 4], [6], [5], [6], [5], [0, 1, 2, 3, 4], [0, 1, 2, 3, 4], [0, 1, 2, 3, 4], [5], [5], [0, 1, 2, 3, 4], [6], [5], [6], [0, 1, 2, 3, 4], [0, 1, 2, 3, 4], [5], [5], [0, 1, 2, 3, 4], [5], [0, 1, 2, 3, 4], [0, 1, 2, 3, 4], [5], [0, 1, 2, 3, 4], [0, 1, 2, 3, 4], [0, 1, 2, 3, 4], [0, 1, 2, 3, 4]]
005;Maryland Ave / Christiana Mall;[647183, 647242, 647184, 647241, 647182, 647171, 647240, 647284, 647172, 647243, 647283, 647315, 647166, 647239, 647173, 647332, 647238, 647346, 647282, 647314, 647237, 647165, 647313, 647229, 647281, 647174, 647228, 647345, 647331, 647175, 647312, 647280, 647176, 647227, 647177, 647279, 647311, 647230, 647178, 647335, 647226, 647320, 647278, 647310, 647225, 647191, 647277, 647309, 647224, 647164, 647336, 647223, 647198, 647321, 647276, 647308, 647207, 647222, 647275, 647307, 647192, 647221, 647199, 647322, 647220, 647337, 647274, 647306, 647219, 647193, 647273, 647305, 647206, 647218, 647323, 647338, 647167, 647217, 647272, 647304, 647200, 647216, 647303, 647271, 647194, 647215, 647324, 647339, 647214, 647168, 647270, 647302, 647213, 647195, 647269, 647301, 647212, 647205, 647325, 647340, 647268, 647211, 647169, 647300, 647197, 647210, 647267, 647299, 647204, 647248, 647326, 647341, 647266, 647298, 647170, 647247, 647203, 647246, 647265, 647297, 647245, 647327, 647187, 647342, 647264, 647202, 647244, 647296, 647188, 647254, 647263, 647295, 647329, 647201, 647343, 647253, 647186, 647262, 647294, 647252, 647185, 647251, 647261, 647293, 647330, 647344, 647250, 647181, 647260, 647292, 647179, 647249, 647180, 647255, 647259, 647291, 647328, 647334, 647290, 647196, 647236, 647258, 647333, 657882, 647190, 647235, 647287, 647289, 647209, 647257, 647234, 647288, 647233, 647189, 647285, 647316, 647232, 647286, 647317, 647208, 647256, 647318, 647319, 647231];[ 4:30,  4:40,  5:05,  5:17,  5:31,  5:50,  5:55,  6:00,  6:13,  6:22,  6:30,  6:30,  6:38,  6:41,  6:55,  6:55,  6:56,  6:58,  7:00,  7:00,  7:11,  7:22,  7:25,  7:30,  7:30,  7:41,  7:52,  7:53,  7:55,  7:57,  7:58,  8:00,  8:15,  8:20,  8:30,  8:30,  8:30,  8:39,  8:50,  8:53,  8:55,  8:55,  9:00,  9:00,  9:10,  9:18,  9:30,  9:30,  9:34,  9:36,  9:53,  9:54,  9:55,  9:55, 10:00, 10:00, 10:13, 10:18, 10:30, 10:30, 10:35, 10:40, 10:55, 10:55, 10:56, 10:58, 11:00, 11:01, 11:17, 11:18, 11:35, 11:35, 11:39, 11:41, 11:55, 11:59, 12:00, 12:01, 12:05, 12:05, 12:19, 12:24, 12:38, 12:40, 12:45, 12:45, 12:55, 12:56, 13:03, 13:05, 13:05, 13:10, 13:24, 13:28, 13:35, 13:40, 13:46, 13:49, 13:55, 13:58, 14:05, 14:06, 14:07, 14:10, 14:25, 14:29, 14:35, 14:40, 14:46, 14:51, 14:55, 14:57, 15:05, 15:10, 15:11, 15:12, 15:34, 15:38, 15:45, 15:46, 15:55, 15:55, 15:56, 15:56, 16:10, 16:15, 16:15, 16:20, 16:40, 16:42, 16:45, 16:53, 16:55, 16:57, 16:59, 17:02, 17:18, 17:20, 17:21, 17:24, 17:43, 17:46, 17:50, 17:55, 17:55, 18:01, 18:06, 18:07, 18:20, 18:25, 18:28, 18:29, 18:51, 18:52, 18:55, 18:55, 18:55, 18:58, 19:07, 19:28, 19:28, 19:30, 19:53, 19:55, 19:58, 19:58, 20:00, 20:01, 20:28, 20:30, 20:31, 20:35, 20:57, 20:58, 21:00, 21:05, 21:26, 21:30, 21:30, 21:50, 21:55, 22:00, 22:30, 22:47];[[0, 1, 2, 3, 4], [0, 1, 2, 3, 4], [0, 1, 2, 3, 4], [0, 1, 2, 3, 4], [0, 1, 2, 3, 4], [0, 1, 2, 3, 4], [0, 1, 2, 3, 4], [5], [0, 1, 2, 3, 4], [0, 1, 2, 3, 4], [5], [5], [0, 1, 2, 3, 4], [0, 1, 2, 3, 4], [0, 1, 2, 3, 4], [6], [0, 1, 2, 3, 4], [6], [5], [5], [0, 1, 2, 3, 4], [0, 1, 2, 3, 4], [5], [0, 1, 2, 3, 4], [5], [0, 1, 2, 3, 4], [0, 1, 2, 3, 4], [6], [6], [0, 1, 2, 3, 4], [5], [5], [0, 1, 2, 3, 4], [0, 1, 2, 3, 4], [0, 1, 2, 3, 4], [5], [5], [0, 1, 2, 3, 4], [0, 1, 2, 3, 4], [6], [0, 1, 2, 3, 4], [6], [5], [5], [0, 1, 2, 3, 4], [0, 1, 2, 3, 4], [5], [5], [0, 1, 2, 3, 4], [0, 1, 2, 3, 4], [6], [0, 1, 2, 3, 4], [0, 1, 2, 3, 4], [6], [5], [5], [0, 1, 2, 3, 4], [0, 1, 2, 3, 4], [5], [5], [0, 1, 2, 3, 4], [0, 1, 2, 3, 4], [0, 1, 2, 3, 4], [6], [0, 1, 2, 3, 4], [6], [5], [5], [0, 1, 2, 3, 4], [0, 1, 2, 3, 4], [5], [5], [0, 1, 2, 3, 4], [0, 1, 2, 3, 4], [6], [6], [0, 1, 2, 3, 4], [0, 1, 2, 3, 4], [5], [5], [0, 1, 2, 3, 4], [0, 1, 2, 3, 4], [5], [5], [0, 1, 2, 3, 4], [0, 1, 2, 3, 4], [6], [6], [0, 1, 2, 3, 4], [0, 1, 2, 3, 4], [5], [5], [0, 1, 2, 3, 4], [0, 1, 2, 3, 4], [5], [5], [0, 1, 2, 3, 4], [0, 1, 2, 3, 4], [6], [6], [5], [0, 1, 2, 3, 4], [0, 1, 2, 3, 4], [5], [0, 1, 2, 3, 4], [0, 1, 2, 3, 4], [5], [5], [0, 1, 2, 3, 4], [0, 1, 2, 3, 4], [6], [6], [5], [5], [0, 1, 2, 3, 4], [0, 1, 2, 3, 4], [0, 1, 2, 3, 4], [0, 1, 2, 3, 4], [5], [5], [0, 1, 2, 3, 4], [6], [0, 1, 2, 3, 4], [6], [5], [0, 1, 2, 3, 4], [0, 1, 2, 3, 4], [5], [0, 1, 2, 3, 4], [0, 1, 2, 3, 4], [5], [5], [6], [0, 1, 2, 3, 4], [6], [0, 1, 2, 3, 4], [0, 1, 2, 3, 4], [5], [5], [0, 1, 2, 3, 4], [0, 1, 2, 3, 4], [0, 1, 2, 3, 4], [5], [5], [6], [6], [0, 1, 2, 3, 4], [0, 1, 2, 3, 4], [5], [5], [0, 1, 2, 3, 4], [0, 1, 2, 3, 4], [0, 1, 2, 3, 4], [0, 1, 2, 3, 4], [5], [5], [6], [6], [5], [0, 1, 2, 3, 4], [0, 1, 2, 3, 4], [5], [6], [6], [0, 1, 2, 3, 4], [0, 1, 2, 3, 4], [5], [5], [0, 1, 2, 3, 4], [5], [0, 1, 2, 3, 4], [5], [0, 1, 2, 3, 4], [0, 1, 2, 3, 4], [5], [5], [0, 1, 2, 3, 4], [5], [5], [0, 1, 2, 3, 4], [0, 1, 2, 3, 4], [5], [5], [0, 1, 2, 3, 4]]
006;Kirkwood Highway;[658253, 658254, 658311, 658299, 658255, 647525, 658301, 658259, 658322, 658275, 658323, 658417, 658276, 647518, 647553, 658324, 658437, 658277, 647494, 658325, 658278, 658418, 658326, 658279, 658438, 647551, 647495, 658327, 658280, 658419, 647533, 658302, 658281, 647521, 658439, 658282, 658340, 658420, 658303, 647496, 658261, 647538, 658440, 658304, 658256, 647497, 658339, 647552, 658421, 658296, 647498, 658305, 658441, 658257, 647539, 658306, 658262, 647499, 658422, 658338, 647540, 658294, 658442, 647500, 658307, 658263, 647541, 658423, 658337, 658264, 647502, 658443, 658308, 647542, 658293, 647501, 658424, 658309, 658265, 647543, 658444, 658310, 658266, 647505, 658312, 647545, 658425, 658292, 647504, 658336, 658445, 658267, 647544, 658335, 658295, 658426, 647503, 658313, 647546, 658268, 658446, 658314, 647506, 658258, 647547, 658427, 658315, 658285, 647507, 658447, 658334, 647548, 658269, 658428, 658316, 647508, 658283, 647549, 658448, 658328, 658297, 647509, 658329, 647550, 658429, 658284, 647510, 658449, 658286, 658330, 647526, 658341, 658430, 658287, 647511, 647527, 658288, 658342, 658450, 647512, 658289, 658343, 647528, 658431, 658290, 658344, 647513, 658451, 647529, 658291, 658333, 658432, 647514, 658260, 658332, 647530, 658452, 658270, 658317, 647515, 647531, 658433, 658318, 647516, 658453, 647532, 658271, 658331, 647517, 658434, 647534, 658319, 647520, 658454, 658272, 647535, 658298, 658435, 647519, 658455, 647536, 658273, 647537, 658436, 658320, 647523, 647554, 647522, 658274, 658321, 647524, 658300, 658252];[ 4:30,  5:00,  5:00,  5:25,  5:30,  5:40,  5:55,  6:00,  6:10,  6:20,  6:30,  6:35,  6:40,  6:40,  6:41,  6:50,  6:55,  7:00,  7:07,  7:10,  7:20,  7:20,  7:30,  7:40,  7:40,  7:46,  7:52,  7:55,  8:00,  8:05,  8:13,  8:15,  8:20,  8:25,  8:25,  8:35,  8:35,  8:50,  8:55,  8:55,  9:00,  9:01,  9:10,  9:15,  9:20,  9:25,  9:35,  9:35,  9:35,  9:40,  9:50,  9:55,  9:55, 10:00, 10:05, 10:15, 10:20, 10:20, 10:20, 10:35, 10:35, 10:40, 10:40, 10:50, 10:55, 11:00, 11:05, 11:05, 11:15, 11:20, 11:20, 11:25, 11:35, 11:35, 11:40, 11:50, 11:50, 11:55, 12:00, 12:05, 12:10, 12:15, 12:20, 12:20, 12:35, 12:35, 12:35, 12:40, 12:50, 12:55, 12:55, 13:00, 13:05, 13:15, 13:20, 13:20, 13:25, 13:32, 13:35, 13:40, 13:40, 13:55, 13:55, 14:00, 14:05, 14:05, 14:15, 14:20, 14:25, 14:25, 14:35, 14:35, 14:40, 14:50, 14:55, 14:55, 15:00, 15:05, 15:10, 15:15, 15:20, 15:25, 15:35, 15:35, 15:35, 15:40, 15:55, 15:55, 16:00, 16:00, 16:05, 16:20, 16:20, 16:21, 16:25, 16:35, 16:40, 16:40, 16:40, 16:55, 17:00, 17:00, 17:05, 17:05, 17:20, 17:20, 17:25, 17:25, 17:35, 17:40, 17:40, 17:50, 17:55, 18:00, 18:00, 18:05, 18:10, 18:20, 18:20, 18:25, 18:35, 18:35, 18:40, 18:55, 18:55, 19:03, 19:05, 19:08, 19:15, 19:20, 19:33, 19:35, 19:40, 19:40, 19:47, 20:01, 20:05, 20:05, 20:10, 20:25, 20:27, 20:40, 20:50, 20:50, 20:57, 21:05, 21:26, 21:35, 21:40, 21:45, 22:00, 22:40, 22:50];[[0, 1, 2, 3, 4], [0, 1, 2, 3, 4], [0, 1, 2, 3, 4], [0, 1, 2, 3, 4], [0, 1, 2, 3, 4], [5], [0, 1, 2, 3, 4], [0, 1, 2, 3, 4], [0, 1, 2, 3, 4], [0, 1, 2, 3, 4], [0, 1, 2, 3, 4], [6], [0, 1, 2, 3, 4], [5], [5], [0, 1, 2, 3, 4], [6], [0, 1, 2, 3, 4], [5], [0, 1, 2, 3, 4], [0, 1, 2, 3, 4], [6], [0, 1, 2, 3, 4], [0, 1, 2, 3, 4], [6], [5], [5], [0, 1, 2, 3, 4], [0, 1, 2, 3, 4], [6], [5], [0, 1, 2, 3, 4], [0, 1, 2, 3, 4], [5], [6], [0, 1, 2, 3, 4], [0, 1, 2, 3, 4], [6], [0, 1, 2, 3, 4], [5], [0, 1, 2, 3, 4], [5], [6], [0, 1, 2, 3, 4], [0, 1, 2, 3, 4], [5], [0, 1, 2, 3, 4], [5], [6], [0, 1, 2, 3, 4], [5], [0, 1, 2, 3, 4], [6], [0, 1, 2, 3, 4], [5], [0, 1, 2, 3, 4], [0, 1, 2, 3, 4], [5], [6], [0, 1, 2, 3, 4], [5], [0, 1, 2, 3, 4], [6], [5], [0, 1, 2, 3, 4], [0, 1, 2, 3, 4], [5], [6], [0, 1, 2, 3, 4], [0, 1, 2, 3, 4], [5], [6], [0, 1, 2, 3, 4], [5], [0, 1, 2, 3, 4], [5], [6], [0, 1, 2, 3, 4], [0, 1, 2, 3, 4], [5], [6], [0, 1, 2, 3, 4], [0, 1, 2, 3, 4], [5], [0, 1, 2, 3, 4], [5], [6], [0, 1, 2, 3, 4], [5], [0, 1, 2, 3, 4], [6], [0, 1, 2, 3, 4], [5], [0, 1, 2, 3, 4], [0, 1, 2, 3, 4], [6], [5], [0, 1, 2, 3, 4], [5], [0, 1, 2, 3, 4], [6], [0, 1, 2, 3, 4], [5], [0, 1, 2, 3, 4], [5], [6], [0, 1, 2, 3, 4], [0, 1, 2, 3, 4], [5], [6], [0, 1, 2, 3, 4], [5], [0, 1, 2, 3, 4], [6], [0, 1, 2, 3, 4], [5], [0, 1, 2, 3, 4], [5], [6], [0, 1, 2, 3, 4], [0, 1, 2, 3, 4], [5], [0, 1, 2, 3, 4], [5], [6], [0, 1, 2, 3, 4], [5], [6], [0, 1, 2, 3, 4], [0, 1, 2, 3, 4], [5], [0, 1, 2, 3, 4], [6], [0, 1, 2, 3, 4], [5], [5], [0, 1, 2, 3, 4], [0, 1, 2, 3, 4], [6], [5], [0, 1, 2, 3, 4], [0, 1, 2, 3, 4], [5], [6], [0, 1, 2, 3, 4], [0, 1, 2, 3, 4], [5], [6], [5], [0, 1, 2, 3, 4], [0, 1, 2, 3, 4], [6], [5], [0, 1, 2, 3, 4], [0, 1, 2, 3, 4], [5], [6], [0, 1, 2, 3, 4], [0, 1, 2, 3, 4], [5], [5], [6], [0, 1, 2, 3, 4], [5], [6], [5], [0, 1, 2, 3, 4], [0, 1, 2, 3, 4], [5], [6], [5], [0, 1, 2, 3, 4], [5], [6], [0, 1, 2, 3, 4], [5], [0, 1, 2, 3, 4], [6], [5], [6], [5], [0, 1, 2, 3, 4], [5], [6], [0, 1, 2, 3, 4], [5], [5], [5], [0, 1, 2, 3, 4], [0, 1, 2, 3, 4], [5], [0, 1, 2, 3, 4], [0, 1, 2, 3, 4]]
008;8th and 9th Streets;[647654, 647682, 647653, 647681, 647652, 647680, 647656, 647678, 647650, 647676, 647648, 647674, 647647, 647672, 647645, 647670, 647643, 647668, 647641, 647666, 647638, 647664, 647636, 647663, 647635, 647661, 647658, 647660, 647634];[ 5:43,  6:13,  6:45,  7:14,  7:45,  8:14,  8:45,  9:15,  9:47, 10:20, 10:57, 11:29, 12:05, 12:40, 13:14, 13:49, 14:28, 15:04, 15:40, 16:18, 16:50, 17:22, 17:54, 18:25, 18:56, 19:27, 19:58, 20:29, 21:00];[[0, 1, 2, 3, 4], [0, 1, 2, 3, 4], [0, 1, 2, 3, 4], [0, 1, 2, 3, 4], [0, 1, 2, 3, 4], [0, 1, 2, 3, 4], [0, 1, 2, 3, 4], [0, 1, 2, 3, 4], [0, 1, 2, 3, 4], [0, 1, 2, 3, 4], [0, 1, 2, 3, 4], [0, 1, 2, 3, 4], [0, 1, 2, 3, 4], [0, 1, 2, 3, 4], [0, 1, 2, 3, 4], [0, 1, 2, 3, 4], [0, 1, 2, 3, 4], [0, 1, 2, 3, 4], [0, 1, 2, 3, 4], [0, 1, 2, 3, 4], [0, 1, 2, 3, 4], [0, 1, 2, 3, 4], [0, 1, 2, 3, 4], [0, 1, 2, 3, 4], [0, 1, 2, 3, 4], [0, 1, 2, 3, 4], [0, 1, 2, 3, 4], [0, 1, 2, 3, 4], [0, 1, 2, 3, 4]]
009;Boxwood Rd / Broom St / Vandever Ave;[647739, 647713, 647740, 647775, 647733, 647741, 647732, 647761, 647784, 647714, 647742, 647767, 647787, 647734, 647743, 647715, 647800, 647762, 647783, 647716, 647744, 647788, 647768, 647735, 647765, 647795, 647717, 647777, 647745, 647789, 647746, 647731, 647769, 647718, 647796, 647747, 647778, 647748, 647790, 647719, 647770, 647720, 647749, 647797, 647779, 647750, 647721, 647791, 647771, 647722, 647751, 647723, 647801, 647752, 647785, 647724, 647794, 647753, 647776, 647725, 647754, 647798, 647726, 647755, 647780, 647727, 647792, 647756, 647728, 647772, 647757, 647802, 647729, 647758, 647786, 647730, 647793, 647759, 647738, 647773, 647760, 647799, 647763, 647781, 657885, 647736, 647774, 647764, 647782, 647737];[ 4:14,  5:00,  5:10,  5:10,  5:21,  5:42,  5:56,  6:03,  6:03,  6:31,  6:41,  6:47,  6:47,  6:54,  7:17,  7:32,  7:35,  7:40,  7:40,  8:08,  8:18,  8:19,  8:24,  8:31,  8:55,  9:07,  9:10,  9:17,  9:18,  9:57, 10:00, 10:07, 10:07, 10:49, 10:50, 10:56, 11:05, 11:39, 11:40, 11:45, 11:55, 12:28, 12:28, 12:37, 12:57, 13:19, 13:24, 13:35, 13:46, 13:55, 14:17, 14:30, 14:32, 14:45, 14:48, 15:08, 15:17, 15:21, 15:32, 15:36, 15:57, 16:14, 16:18, 16:24, 16:34, 16:48, 16:58, 17:12, 17:15, 17:18, 17:42, 17:55, 18:08, 18:08, 18:15, 18:32, 18:38, 18:55, 18:58, 18:58, 19:25, 19:34, 19:45, 19:54, 20:16, 20:33, 20:37, 21:17, 21:29, 22:02];[[0, 1, 2, 3, 4], [0, 1, 2, 3, 4], [0, 1, 2, 3, 4], [5], [0, 1, 2, 3, 4], [0, 1, 2, 3, 4], [0, 1, 2, 3, 4], [0, 1, 2, 3, 4], [5], [0, 1, 2, 3, 4], [0, 1, 2, 3, 4], [5], [6], [0, 1, 2, 3, 4], [0, 1, 2, 3, 4], [0, 1, 2, 3, 4], [6], [0, 1, 2, 3, 4], [5], [0, 1, 2, 3, 4], [0, 1, 2, 3, 4], [6], [5], [0, 1, 2, 3, 4], [0, 1, 2, 3, 4], [6], [0, 1, 2, 3, 4], [5], [0, 1, 2, 3, 4], [6], [0, 1, 2, 3, 4], [0, 1, 2, 3, 4], [5], [0, 1, 2, 3, 4], [6], [0, 1, 2, 3, 4], [5], [0, 1, 2, 3, 4], [6], [0, 1, 2, 3, 4], [5], [0, 1, 2, 3, 4], [0, 1, 2, 3, 4], [6], [5], [0, 1, 2, 3, 4], [0, 1, 2, 3, 4], [6], [5], [0, 1, 2, 3, 4], [0, 1, 2, 3, 4], [0, 1, 2, 3, 4], [6], [0, 1, 2, 3, 4], [5], [0, 1, 2, 3, 4], [6], [0, 1, 2, 3, 4], [5], [0, 1, 2, 3, 4], [0, 1, 2, 3, 4], [6], [0, 1, 2, 3, 4], [0, 1, 2, 3, 4], [5], [0, 1, 2, 3, 4], [6], [0, 1, 2, 3, 4], [0, 1, 2, 3, 4], [5], [0, 1, 2, 3, 4], [6], [0, 1, 2, 3, 4], [0, 1, 2, 3, 4], [5], [0, 1, 2, 3, 4], [6], [0, 1, 2, 3, 4], [0, 1, 2, 3, 4], [5], [0, 1, 2, 3, 4], [6], [0, 1, 2, 3, 4], [5], [6], [0, 1, 2, 3, 4], [5], [0, 1, 2, 3, 4], [5], [0, 1, 2, 3, 4]]
010;Wilmington / Univ Plz / Newark;[647855, 647845, 647856, 647857, 647844, 647883, 647858, 647888, 647843, 647842, 647859, 647887, 647882, 647841, 647860, 647861, 647840, 647881, 647886, 647871, 647839, 647862, 647894, 647880, 647838, 647863, 647837, 647879, 647893, 647864, 647847, 647851, 647865, 647892, 647878, 647836, 647891, 647872, 647877, 647835, 658722, 647876, 647849, 647866, 647890, 647850, 647874, 647852, 647867, 647895, 647875, 647848, 647868, 647884, 647846, 647889, 647870, 647896, 647869, 647885, 647853, 647854, 647873];[ 5:00,  5:35,  5:40,  6:05,  6:20,  6:54,  6:55,  6:55,  7:01,  7:37,  7:46,  8:17,  8:22,  8:28,  8:32,  9:09,  9:17,  9:42,  9:42,  9:54, 10:01, 10:42, 11:03, 11:08, 11:21, 11:24, 12:11, 12:30, 12:33, 12:49, 12:56, 13:30, 13:40, 13:56, 14:01, 14:34, 14:35, 14:51, 15:00, 15:19, 15:30, 15:50, 15:55, 16:14, 16:24, 16:31, 16:55, 17:15, 17:34, 17:36, 17:56, 17:59, 18:10, 19:06, 19:10, 19:16, 19:27, 20:23, 20:35, 20:43, 20:48, 22:00, 22:12];[[0, 1, 2, 3, 4], [0, 1, 2, 3, 4], [0, 1, 2, 3, 4], [0, 1, 2, 3, 4], [0, 1, 2, 3, 4], [5], [0, 1, 2, 3, 4], [5], [0, 1, 2, 3, 4], [0, 1, 2, 3, 4], [0, 1, 2, 3, 4], [5], [5], [0, 1, 2, 3, 4], [0, 1, 2, 3, 4], [0, 1, 2, 3, 4], [0, 1, 2, 3, 4], [5], [5], [0, 1, 2, 3, 4], [0, 1, 2, 3, 4], [0, 1, 2, 3, 4], [5], [5], [0, 1, 2, 3, 4], [0, 1, 2, 3, 4], [0, 1, 2, 3, 4], [5], [5], [0, 1, 2, 3, 4], [0, 1, 2, 3, 4], [0, 1, 2, 3, 4], [0, 1, 2, 3, 4], [5], [5], [0, 1, 2, 3, 4], [5], [0, 1, 2, 3, 4], [5], [0, 1, 2, 3, 4], [0, 1, 2, 3, 4], [5], [0, 1, 2, 3, 4], [0, 1, 2, 3, 4], [5], [0, 1, 2, 3, 4], [0, 1, 2, 3, 4], [0, 1, 2, 3, 4], [0, 1, 2, 3, 4], [5], [5], [0, 1, 2, 3, 4], [0, 1, 2, 3, 4], [5], [0, 1, 2, 3, 4], [5], [0, 1, 2, 3, 4], [5], [0, 1, 2, 3, 4], [5], [0, 1, 2, 3, 4], [0, 1, 2, 3, 4], [0, 1, 2, 3, 4]]
011;Washington Street / Arden;[658591, 658620, 658592, 658608, 658593, 658609, 658594, 658622, 658595, 658610, 658596, 658611, 658597, 658612, 658607, 658623, 658598, 658613, 658599, 658614, 658600, 658615, 658601, 658616, 658606, 658617, 658602, 658618, 658603, 658621, 658604, 658619, 658605, 658624];[ 4:55,  5:11,  5:40,  6:05,  6:50,  7:18,  8:10,  8:29,  9:00,  9:20,  9:50, 10:10, 10:40, 11:00, 11:30, 11:50, 12:20, 12:25, 13:10, 13:30, 14:00, 14:20, 14:55, 15:24, 16:15, 16:44, 17:35, 17:55, 18:25, 18:44, 19:15, 19:32, 20:05, 20:22];[[0, 1, 2, 3, 4], [0, 1, 2, 3, 4], [0, 1, 2, 3, 4], [0, 1, 2, 3, 4], [0, 1, 2, 3, 4], [0, 1, 2, 3, 4], [0, 1, 2, 3, 4], [0, 1, 2, 3, 4], [0, 1, 2, 3, 4], [0, 1, 2, 3, 4], [0, 1, 2, 3, 4], [0, 1, 2, 3, 4], [0, 1, 2, 3, 4], [0, 1, 2, 3, 4], [0, 1, 2, 3, 4], [0, 1, 2, 3, 4], [0, 1, 2, 3, 4], [0, 1, 2, 3, 4], [0, 1, 2, 3, 4], [0, 1, 2, 3, 4], [0, 1, 2, 3, 4], [0, 1, 2, 3, 4], [0, 1, 2, 3, 4], [0, 1, 2, 3, 4], [0, 1, 2, 3, 4], [0, 1, 2, 3, 4], [0, 1, 2, 3, 4], [0, 1, 2, 3, 4], [0, 1, 2, 3, 4], [0, 1, 2, 3, 4], [0, 1, 2, 3, 4], [0, 1, 2, 3, 4], [0, 1, 2, 3, 4], [0, 1, 2, 3, 4]]
013;Philadelphia Pike / Market St;[648013, 648010, 648044, 647979, 647980, 648046, 647981, 648014, 648076, 647982, 648015, 648048, 648077, 648131, 647983, 648037, 648049, 648078, 647984, 648016, 648050, 648079, 648114, 648129, 647985, 648017, 648051, 648080, 647986, 648018, 648052, 648081, 648124, 648105, 647987, 648019, 648053, 648082, 647988, 648020, 648054, 648083, 648125, 648113, 647989, 648021, 648055, 648084, 647990, 648022, 648056, 648085, 648123, 648112, 647991, 648023, 648057, 648086, 647992, 648024, 648058, 648087, 648122, 648111, 647993, 648047, 648059, 648088, 648012, 648025, 648060, 648089, 648121, 648110, 647994, 648026, 648061, 648090, 647995, 648027, 648062, 648091, 648120, 648109, 647996, 648028, 648063, 648092, 647997, 648029, 648064, 648093, 648119, 648116, 647998, 648030, 648065, 648094, 647999, 648031, 648066, 648095, 648128, 648118, 648000, 648032, 648067, 648096, 648001, 648033, 648068, 648097, 648127, 648108, 648002, 648034, 648069, 648098, 648003, 648035, 648070, 648099, 648132, 648107, 648004, 648036, 648071, 648100, 648005, 648039, 648072, 648104, 648126, 648117, 648006, 648040, 648073, 648101, 648007, 648038, 657962, 648102, 648130, 648106, 648009, 648045, 657963, 648103, 648008, 648041, 657961, 657964, 657969, 648115, 648011, 648042, 657965, 657970, 657974, 648043, 657966, 657971, 657975, 657978, 657967, 657972, 657976, 657979, 657968, 657973, 657977, 657980];[ 4:15,  4:25,  4:45,  4:50,  5:15,  5:15,  5:45,  5:45,  6:00,  6:15,  6:15,  6:30,  6:30,  6:42,  6:45,  6:45,  7:00,  7:00,  7:15,  7:15,  7:30,  7:30,  7:35,  7:42,  7:45,  7:45,  8:00,  8:00,  8:15,  8:15,  8:30,  8:30,  8:30,  8:35,  8:45,  8:45,  9:00,  9:00,  9:15,  9:15,  9:30,  9:30,  9:30,  9:35,  9:45,  9:45, 10:00, 10:00, 10:15, 10:15, 10:30, 10:30, 10:30, 10:35, 10:45, 10:45, 11:00, 11:00, 11:15, 11:15, 11:30, 11:30, 11:30, 11:35, 11:45, 11:45, 12:00, 12:00, 12:15, 12:15, 12:30, 12:30, 12:30, 12:35, 12:45, 12:45, 13:00, 13:00, 13:15, 13:15, 13:30, 13:30, 13:30, 13:35, 13:45, 13:45, 14:00, 14:00, 14:15, 14:15, 14:30, 14:30, 14:30, 14:35, 14:45, 14:45, 15:00, 15:00, 15:15, 15:15, 15:30, 15:30, 15:30, 15:35, 15:45, 15:45, 16:00, 16:00, 16:15, 16:15, 16:30, 16:30, 16:30, 16:35, 16:45, 16:45, 17:00, 17:00, 17:15, 17:15, 17:30, 17:30, 17:30, 17:35, 17:45, 17:45, 18:00, 18:00, 18:15, 18:15, 18:30, 18:30, 18:30, 18:35, 18:45, 18:45, 19:00, 19:00, 19:15, 19:15, 19:30, 19:30, 19:30, 19:35, 19:45, 19:45, 20:00, 20:00, 20:15, 20:15, 20:25, 20:30, 20:30, 20:35, 20:45, 20:45, 21:00, 21:00, 21:15, 21:15, 21:30, 21:30, 21:45, 21:45, 22:00, 22:00, 22:15, 22:15, 22:30, 22:30, 22:45, 22:45];[[0, 1, 2, 3, 4], [0, 1, 2, 3, 4], [0, 1, 2, 3, 4], [0, 1, 2, 3, 4], [0, 1, 2, 3, 4], [0, 1, 2, 3, 4], [0, 1, 2, 3, 4], [0, 1, 2, 3, 4], [5], [0, 1, 2, 3, 4], [0, 1, 2, 3, 4], [5], [5], [6], [0, 1, 2, 3, 4], [0, 1, 2, 3, 4], [5], [5], [0, 1, 2, 3, 4], [0, 1, 2, 3, 4], [5], [5], [6], [6], [0, 1, 2, 3, 4], [0, 1, 2, 3, 4], [5], [5], [0, 1, 2, 3, 4], [0, 1, 2, 3, 4], [5], [5], [6], [6], [0, 1, 2, 3, 4], [0, 1, 2, 3, 4], [5], [5], [0, 1, 2, 3, 4], [0, 1, 2, 3, 4], [5], [5], [6], [6], [0, 1, 2, 3, 4], [0, 1, 2, 3, 4], [5], [5], [0, 1, 2, 3, 4], [0, 1, 2, 3, 4], [5], [5], [6], [6], [0, 1, 2, 3, 4], [0, 1, 2, 3, 4], [5], [5], [0, 1, 2, 3, 4], [0, 1, 2, 3, 4], [5], [5], [6], [6], [0, 1, 2, 3, 4], [0, 1, 2, 3, 4], [5], [5], [0, 1, 2, 3, 4], [0, 1, 2, 3, 4], [5], [5], [6], [6], [0, 1, 2, 3, 4], [0, 1, 2, 3, 4], [5], [5], [0, 1, 2, 3, 4], [0, 1, 2, 3, 4], [5], [5], [6], [6], [0, 1, 2, 3, 4], [0, 1, 2, 3, 4], [5], [5], [0, 1, 2, 3, 4], [0, 1, 2, 3, 4], [5], [5], [6], [6], [0, 1, 2, 3, 4], [0, 1, 2, 3, 4], [5], [5], [0, 1, 2, 3, 4], [0, 1, 2, 3, 4], [5], [5], [6], [6], [0, 1, 2, 3, 4], [0, 1, 2, 3, 4], [5], [5], [0, 1, 2, 3, 4], [0, 1, 2, 3, 4], [5], [5], [6], [6], [0, 1, 2, 3, 4], [0, 1, 2, 3, 4], [5], [5], [0, 1, 2, 3, 4], [0, 1, 2, 3, 4], [5], [5], [6], [6], [0, 1, 2, 3, 4], [0, 1, 2, 3, 4], [5], [5], [0, 1, 2, 3, 4], [0, 1, 2, 3, 4], [5], [5], [6], [6], [0, 1, 2, 3, 4], [0, 1, 2, 3, 4], [5], [5], [0, 1, 2, 3, 4], [0, 1, 2, 3, 4], [5], [5], [6], [6], [0, 1, 2, 3, 4], [0, 1, 2, 3, 4], [5], [5], [0, 1, 2, 3, 4], [0, 1, 2, 3, 4], [6], [5], [5], [6], [0, 1, 2, 3, 4], [0, 1, 2, 3, 4], [5], [5], [0, 1, 2, 3, 4], [0, 1, 2, 3, 4], [5], [5], [0, 1, 2, 3, 4], [0, 1, 2, 3, 4], [5], [5], [0, 1, 2, 3, 4], [0, 1, 2, 3, 4], [5], [5], [0, 1, 2, 3, 4], [0, 1, 2, 3, 4]]
014;Baylor/DHSS / Miller Rd Shop Ctr;[648192, 648193, 648217, 648194, 648241, 648218, 648195, 648219, 648196, 648242, 648259, 648220, 648197, 648221, 648260, 648198, 648243, 648222, 648199, 648223, 648200, 648244, 648261, 648262, 648224, 648201, 648245, 648202, 648246, 648263, 648225, 648264, 648226, 648203, 648247, 648204, 648248, 648265, 648227, 648266, 648228, 648205, 648249, 648250, 648267, 648206, 648229, 648268, 648230, 648251, 648207, 648208, 648269, 648252, 648231, 648209, 648232, 648270, 648210, 648233, 648253, 648211, 648237, 648271, 648254, 648212, 648234, 648272, 648255, 648240, 648213, 648273, 648256, 648235, 648274, 648257, 648215, 648275, 648258, 648238];[ 5:00,  5:30,  5:53,  6:00,  6:20,  6:23,  6:30,  6:57,  7:00,  7:10,  7:11,  7:24,  7:25,  7:57,  8:02,  8:05,  8:15,  8:20,  8:30,  9:03,  9:05,  9:05,  9:08, 10:00, 10:01, 10:15, 10:15, 11:05, 11:05, 11:11, 11:12, 12:02, 12:05, 12:15, 12:15, 13:10, 13:10, 13:12, 13:14, 14:07, 14:09, 14:20, 14:20, 15:05, 15:05, 15:10, 15:15, 16:00, 16:08, 16:10, 16:15, 16:40, 17:04, 17:05, 17:09, 17:15, 17:37, 17:59, 18:07, 18:07, 18:10, 18:40, 19:01, 19:02, 19:05, 19:30, 19:30, 19:55, 20:02, 20:20, 20:30, 20:49, 20:55, 21:20, 21:41, 21:45, 22:15, 22:31, 22:35, 23:04];[[0, 1, 2, 3, 4], [0, 1, 2, 3, 4], [0, 1, 2, 3, 4], [0, 1, 2, 3, 4], [5], [0, 1, 2, 3, 4], [0, 1, 2, 3, 4], [0, 1, 2, 3, 4], [0, 1, 2, 3, 4], [5], [5], [0, 1, 2, 3, 4], [0, 1, 2, 3, 4], [0, 1, 2, 3, 4], [5], [0, 1, 2, 3, 4], [5], [0, 1, 2, 3, 4], [0, 1, 2, 3, 4], [0, 1, 2, 3, 4], [0, 1, 2, 3, 4], [5], [5], [5], [0, 1, 2, 3, 4], [0, 1, 2, 3, 4], [5], [0, 1, 2, 3, 4], [5], [5], [0, 1, 2, 3, 4], [5], [0, 1, 2, 3, 4], [0, 1, 2, 3, 4], [5], [0, 1, 2, 3, 4], [5], [5], [0, 1, 2, 3, 4], [5], [0, 1, 2, 3, 4], [0, 1, 2, 3, 4], [5], [5], [5], [0, 1, 2, 3, 4], [0, 1, 2, 3, 4], [5], [0, 1, 2, 3, 4], [5], [0, 1, 2, 3, 4], [0, 1, 2, 3, 4], [5], [5], [0, 1, 2, 3, 4], [0, 1, 2, 3, 4], [0, 1, 2, 3, 4], [5], [0, 1, 2, 3, 4], [0, 1, 2, 3, 4], [5], [0, 1, 2, 3, 4], [0, 1, 2, 3, 4], [5], [5], [0, 1, 2, 3, 4], [0, 1, 2, 3, 4], [5], [5], [0, 1, 2, 3, 4], [0, 1, 2, 3, 4], [5], [5], [0, 1, 2, 3, 4], [5], [5], [0, 1, 2, 3, 4], [5], [5], [0, 1, 2, 3, 4]]
015;New Castle Av / Jeff Farm / Ch Mall;[648296, 648294, 648297, 648276, 648316, 648298, 648334, 658074, 658061, 648317, 648277, 648335, 648299, 648278, 658073, 658060, 648318, 648336, 658072, 648319, 658059, 648279, 648300, 648337, 648320, 658071, 658058, 648280, 648338, 648301, 648321, 648281, 658070, 648339, 658057, 648302, 648322, 658069, 648340, 648282, 658056, 648303, 648323, 648283, 648341, 658068, 648304, 658055, 648324, 648284, 648342, 648315, 658067, 648325, 658054, 648295, 648343, 648305, 648326, 658066, 648285, 658053, 648344, 648306, 648327, 658065, 648345, 658052, 648286, 648307, 648328, 648346, 658064, 648287, 658051, 648329, 648308, 648288, 648347, 658063, 648330, 658050, 648309, 648348, 648289, 648310, 648331, 658075, 658049, 648349, 648332, 648290, 658076, 648311, 658062, 648292, 648350, 648333, 648312, 648351, 648293, 648313, 648352, 648314, 648291];[ 5:15,  5:35,  6:10,  6:25,  6:30,  6:41,  6:55,  6:55,  7:05,  7:20,  7:30,  7:40,  7:44,  7:55,  7:55,  8:05,  8:10,  8:30,  8:45,  8:55,  9:05,  9:10,  9:16,  9:20,  9:50,  9:50,  9:55, 10:00, 10:10, 10:35, 10:40, 10:48, 10:50, 11:05, 11:05, 11:15, 11:30, 11:50, 11:55, 12:05, 12:05, 12:15, 12:20, 12:30, 12:45, 12:50, 13:00, 13:05, 13:10, 13:35, 13:35, 13:45, 13:55, 14:00, 14:05, 14:20, 14:25, 14:40, 14:50, 14:55, 15:00, 15:05, 15:15, 15:35, 15:40, 16:00, 16:05, 16:05, 16:10, 16:22, 16:30, 16:55, 17:05, 17:10, 17:10, 17:20, 17:35, 17:45, 17:45, 17:57, 18:10, 18:10, 18:30, 18:35, 18:55, 19:00, 19:00, 19:00, 19:05, 19:25, 19:44, 19:45, 20:00, 20:04, 20:10, 20:14, 20:15, 20:40, 20:50, 20:50, 21:15, 21:25, 21:50, 22:25, 22:35];[[0, 1, 2, 3, 4], [0, 1, 2, 3, 4], [0, 1, 2, 3, 4], [0, 1, 2, 3, 4], [5], [0, 1, 2, 3, 4], [5], [6], [6], [5], [0, 1, 2, 3, 4], [5], [0, 1, 2, 3, 4], [0, 1, 2, 3, 4], [6], [6], [5], [5], [6], [5], [6], [0, 1, 2, 3, 4], [0, 1, 2, 3, 4], [5], [5], [6], [6], [0, 1, 2, 3, 4], [5], [0, 1, 2, 3, 4], [5], [0, 1, 2, 3, 4], [6], [5], [6], [0, 1, 2, 3, 4], [5], [6], [5], [0, 1, 2, 3, 4], [6], [0, 1, 2, 3, 4], [5], [0, 1, 2, 3, 4], [5], [6], [0, 1, 2, 3, 4], [6], [5], [0, 1, 2, 3, 4], [5], [0, 1, 2, 3, 4], [6], [5], [6], [0, 1, 2, 3, 4], [5], [0, 1, 2, 3, 4], [5], [6], [0, 1, 2, 3, 4], [6], [5], [0, 1, 2, 3, 4], [5], [6], [5], [6], [0, 1, 2, 3, 4], [0, 1, 2, 3, 4], [5], [5], [6], [0, 1, 2, 3, 4], [6], [5], [0, 1, 2, 3, 4], [0, 1, 2, 3, 4], [5], [6], [5], [6], [0, 1, 2, 3, 4], [5], [0, 1, 2, 3, 4], [0, 1, 2, 3, 4], [5], [6], [6], [5], [5], [0, 1, 2, 3, 4], [6], [0, 1, 2, 3, 4], [6], [0, 1, 2, 3, 4], [5], [5], [0, 1, 2, 3, 4], [5], [0, 1, 2, 3, 4], [0, 1, 2, 3, 4], [5], [0, 1, 2, 3, 4], [0, 1, 2, 3, 4]]
018;Pike Creek Valley / Wilm / Foulk Rd;[648471, 648434, 648453, 648435, 648454, 648436, 648455, 648437, 648456, 648438, 648457, 648439, 648458, 648440, 648459, 648441, 648460, 648442, 648461, 648452, 648462, 648443, 648463, 648444, 648464, 648445, 648465, 648446, 648466, 648447, 648467, 648448, 648468, 648449, 648469, 648450, 648470, 648451, 648472];[ 5:01,  5:13,  5:23,  5:48,  6:01,  6:35,  7:00,  7:15,  7:56,  8:13,  8:40,  9:09,  9:34,  9:54, 10:26, 10:48, 11:09, 11:38, 12:07, 12:25, 12:55, 13:15, 13:40, 14:10, 14:34, 15:02, 15:31, 16:00, 16:28, 16:56, 17:23, 17:50, 18:17, 18:43, 19:06, 19:29, 19:56, 20:16, 20:39];[[0, 1, 2, 3, 4], [0, 1, 2, 3, 4], [0, 1, 2, 3, 4], [0, 1, 2, 3, 4], [0, 1, 2, 3, 4], [0, 1, 2, 3, 4], [0, 1, 2, 3, 4], [0, 1, 2, 3, 4], [0, 1, 2, 3, 4], [0, 1, 2, 3, 4], [0, 1, 2, 3, 4], [0, 1, 2, 3, 4], [0, 1, 2, 3, 4], [0, 1, 2, 3, 4], [0, 1, 2, 3, 4], [0, 1, 2, 3, 4], [0, 1, 2, 3, 4], [0, 1, 2, 3, 4], [0, 1, 2, 3, 4], [0, 1, 2, 3, 4], [0, 1, 2, 3, 4], [0, 1, 2, 3, 4], [0, 1, 2, 3, 4], [0, 1, 2, 3, 4], [0, 1, 2, 3, 4], [0, 1, 2, 3, 4], [0, 1, 2, 3, 4], [0, 1, 2, 3, 4], [0, 1, 2, 3, 4], [0, 1, 2, 3, 4], [0, 1, 2, 3, 4], [0, 1, 2, 3, 4], [0, 1, 2, 3, 4], [0, 1, 2, 3, 4], [0, 1, 2, 3, 4], [0, 1, 2, 3, 4], [0, 1, 2, 3, 4], [0, 1, 2, 3, 4], [0, 1, 2, 3, 4]]
020;Lancaster Pike / Hockessin;[648475, 648486, 648473, 648485, 648479, 648489, 648480, 648478, 648490, 648488, 648477, 648487, 648474, 648484, 648476, 648483];[ 6:30,  7:13,  7:55,  8:45,  8:55,  9:20, 12:05, 12:40, 12:40, 13:30, 14:00, 14:45, 15:26, 16:15, 17:05, 17:56];[[0, 1, 2, 3, 4], [0, 1, 2, 3, 4], [0, 1, 2, 3, 4], [0, 1, 2, 3, 4], [0, 1, 2, 3, 4], [0, 1, 2, 3, 4], [0, 1, 2, 3, 4], [0, 1, 2, 3, 4], [0, 1, 2, 3, 4], [0, 1, 2, 3, 4], [0, 1, 2, 3, 4], [0, 1, 2, 3, 4], [0, 1, 2, 3, 4], [0, 1, 2, 3, 4], [0, 1, 2, 3, 4], [0, 1, 2, 3, 4]]
025;Wrangle Hill / Miller Road Shop Ctr;[648519, 648542, 648574, 648541, 648518, 648540, 648517, 648561, 648591, 648559, 648513, 648556, 648524, 648539, 648562, 648578, 648516, 648533, 648512, 648563, 648579, 648515, 648531, 648538, 648511, 648557, 648564, 648580, 648514, 648527, 648510, 648497, 648552, 648565, 648581, 648509, 648537, 648558, 648547, 648508, 648566, 648582, 648506, 648536, 648495, 648505, 648583, 648567, 648546, 648545, 648494, 648544, 648568, 648584, 648504, 648535, 648493, 648569, 648585, 648503, 648534, 648502, 648573, 648543, 648592, 648501, 648528, 648523, 648532, 648575, 648586, 648500, 648550, 648499, 648529, 648570, 648498, 648590, 648551, 648507, 648549, 648526, 648530, 648571, 648496, 648587, 648553, 648521, 648588, 648572, 648548, 648525, 648554, 648576, 648522, 648589, 648560, 648555];[ 4:38,  4:50,  5:00,  5:05,  5:15,  5:45,  5:47,  5:58,  6:01,  6:04,  6:05,  6:24,  6:55,  7:00,  7:02,  7:10,  7:15,  7:24,  7:37,  8:05,  8:07,  8:12,  8:13,  8:33,  8:35,  8:44,  9:05,  9:09,  9:18,  9:23,  9:37,  9:45,  9:55, 10:07, 10:12, 10:24, 10:29, 10:42, 10:54, 10:56, 11:10, 11:21, 11:30, 11:37, 11:49, 11:57, 12:05, 12:21, 12:35, 12:57, 13:00, 13:06, 13:10, 13:30, 13:38, 14:05, 14:10, 14:10, 14:15, 14:30, 14:49, 15:05, 15:20, 15:25, 15:25, 15:35, 15:50, 16:00, 16:15, 16:30, 16:33, 16:42, 16:57, 17:05, 17:15, 17:34, 17:35, 17:45, 17:58, 18:18, 18:22, 18:30, 18:50, 18:55, 19:06, 19:11, 19:30, 19:35, 20:00, 20:07, 20:10, 20:30, 20:41, 20:55, 21:08, 21:11, 21:30, 22:10];[[0, 1, 2, 3, 4], [0, 1, 2, 3, 4], [5], [0, 1, 2, 3, 4], [0, 1, 2, 3, 4], [0, 1, 2, 3, 4], [0, 1, 2, 3, 4], [5], [5], [0, 1, 2, 3, 4], [0, 1, 2, 3, 4], [0, 1, 2, 3, 4], [0, 1, 2, 3, 4], [0, 1, 2, 3, 4], [5], [5], [0, 1, 2, 3, 4], [0, 1, 2, 3, 4], [0, 1, 2, 3, 4], [5], [5], [0, 1, 2, 3, 4], [0, 1, 2, 3, 4], [0, 1, 2, 3, 4], [0, 1, 2, 3, 4], [0, 1, 2, 3, 4], [5], [5], [0, 1, 2, 3, 4], [0, 1, 2, 3, 4], [0, 1, 2, 3, 4], [0, 1, 2, 3, 4], [0, 1, 2, 3, 4], [5], [5], [0, 1, 2, 3, 4], [0, 1, 2, 3, 4], [0, 1, 2, 3, 4], [0, 1, 2, 3, 4], [0, 1, 2, 3, 4], [5], [5], [0, 1, 2, 3, 4], [0, 1, 2, 3, 4], [0, 1, 2, 3, 4], [0, 1, 2, 3, 4], [5], [5], [0, 1, 2, 3, 4], [0, 1, 2, 3, 4], [0, 1, 2, 3, 4], [0, 1, 2, 3, 4], [5], [5], [0, 1, 2, 3, 4], [0, 1, 2, 3, 4], [0, 1, 2, 3, 4], [5], [5], [0, 1, 2, 3, 4], [0, 1, 2, 3, 4], [0, 1, 2, 3, 4], [5], [0, 1, 2, 3, 4], [5], [0, 1, 2, 3, 4], [0, 1, 2, 3, 4], [0, 1, 2, 3, 4], [0, 1, 2, 3, 4], [5], [5], [0, 1, 2, 3, 4], [0, 1, 2, 3, 4], [0, 1, 2, 3, 4], [0, 1, 2, 3, 4], [5], [0, 1, 2, 3, 4], [5], [0, 1, 2, 3, 4], [0, 1, 2, 3, 4], [0, 1, 2, 3, 4], [0, 1, 2, 3, 4], [0, 1, 2, 3, 4], [5], [0, 1, 2, 3, 4], [5], [0, 1, 2, 3, 4], [0, 1, 2, 3, 4], [5], [5], [0, 1, 2, 3, 4], [0, 1, 2, 3, 4], [0, 1, 2, 3, 4], [5], [0, 1, 2, 3, 4], [5], [0, 1, 2, 3, 4], [0, 1, 2, 3, 4]]
028;Nemours / Riveredge Ind Pk;[648594, 648595, 648613, 648596, 648614, 648606, 648615, 648597, 648624, 648598, 648616, 648612, 648617, 648599, 648600, 648618, 648619, 648601, 648602, 648620, 648611, 648621, 648603, 648609, 648628, 648610, 648629, 648607, 648627, 648604, 648622, 648608, 648625, 648605, 648623];[ 5:00,  6:00,  6:02,  7:04,  7:12,  7:37,  8:14,  8:18,  8:45,  9:23,  9:31,  9:54, 10:37, 10:40, 11:45, 11:51, 12:59, 13:00, 14:10, 14:11, 14:45, 15:21, 15:22, 15:55, 16:00, 16:30, 16:33, 17:09, 17:10, 17:42, 17:42, 18:09, 18:22, 18:40, 18:52];[[0, 1, 2, 3, 4], [0, 1, 2, 3, 4], [0, 1, 2, 3, 4], [0, 1, 2, 3, 4], [0, 1, 2, 3, 4], [0, 1, 2, 3, 4], [0, 1, 2, 3, 4], [0, 1, 2, 3, 4], [0, 1, 2, 3, 4], [0, 1, 2, 3, 4], [0, 1, 2, 3, 4], [0, 1, 2, 3, 4], [0, 1, 2, 3, 4], [0, 1, 2, 3, 4], [0, 1, 2, 3, 4], [0, 1, 2, 3, 4], [0, 1, 2, 3, 4], [0, 1, 2, 3, 4], [0, 1, 2, 3, 4], [0, 1, 2, 3, 4], [0, 1, 2, 3, 4], [0, 1, 2, 3, 4], [0, 1, 2, 3, 4], [0, 1, 2, 3, 4], [0, 1, 2, 3, 4], [0, 1, 2, 3, 4], [0, 1, 2, 3, 4], [0, 1, 2, 3, 4], [0, 1, 2, 3, 4], [0, 1, 2, 3, 4], [0, 1, 2, 3, 4], [0, 1, 2, 3, 4], [0, 1, 2, 3, 4], [0, 1, 2, 3, 4], [0, 1, 2, 3, 4]]
033;Christiana Mall / Newark;[648686, 648668, 648685, 648666, 648713, 648667, 648749, 648679, 648684, 648784, 648709, 648748, 648665, 648710, 648791, 648783, 648664, 648747, 648810, 648708, 648663, 648792, 648782, 648746, 648662, 648707, 648811, 648745, 648793, 648781, 648706, 648680, 648812, 648744, 648714, 648780, 648794, 648739, 648661, 648715, 648785, 648813, 648738, 648660, 648795, 648705, 648779, 648737, 648814, 648778, 648796, 648736, 648659, 648704, 648777, 648657, 648815, 648703, 648735, 648797, 648775, 648751, 648816, 648776, 648658, 648701, 648734, 648798, 648656, 648711, 648774, 648733, 648817, 648787, 648799, 648743, 648654, 648700, 648773, 648818, 648655, 648771, 648732, 648699, 648800, 648772, 648742, 648653, 648698, 648819, 648769, 648752, 648804, 648681, 648716, 648740, 648789, 648820, 648741, 648677, 648697, 648770, 648805, 648731, 648695, 648768, 648821, 648652, 648753, 648696, 648767, 648801, 648682, 648730, 648676, 648729, 648822, 648717, 648728, 648766, 648672, 648806, 648765, 648727, 648718, 648651, 648823, 648764, 648693, 648802, 648788, 648688, 648675, 648754, 648824, 648763, 648726, 648692, 648683, 648807, 648762, 648725, 648694, 648671, 648724, 648825, 648674, 648790, 648808, 648691, 648755, 648649, 648723, 648826, 648670, 648761, 648690, 648760, 648803, 648722, 648827, 648673, 648759, 648721, 648809, 648758, 648702, 648650, 648828, 648720, 648689, 648757, 648669, 648756, 648687, 648648, 648786, 648750, 648719, 648678, 648712];[ 4:30,  4:43,  4:50,  5:03,  5:22,  5:23,  5:40,  5:48,  5:48,  5:52,  6:09,  6:14,  6:20,  6:29,  6:30,  6:42,  6:47,  6:53,  6:54,  6:57,  7:11,  7:12,  7:17,  7:21,  7:32,  7:32,  7:34,  7:44,  7:50,  7:58,  8:00,  8:07,  8:17,  8:18,  8:24,  8:28,  8:30,  8:40,  8:46,  8:46,  8:51,  8:56,  9:01,  9:15,  9:17,  9:20,  9:26,  9:33,  9:40,  9:48,  9:55,  9:56,  9:57,  9:59, 10:09, 10:27, 10:27, 10:30, 10:31, 10:40, 10:42, 10:53, 11:05, 11:06, 11:08, 11:11, 11:15, 11:30, 11:40, 11:40, 11:43, 11:50, 11:51, 12:06, 12:10, 12:15, 12:21, 12:22, 12:28, 12:39, 12:49, 12:49, 12:52, 12:56, 12:56, 13:09, 13:16, 13:17, 13:18, 13:26, 13:39, 13:44, 13:45, 13:52, 13:53, 14:00, 14:09, 14:10, 14:25, 14:30, 14:33, 14:34, 14:40, 14:50, 14:55, 14:58, 15:01, 15:10, 15:10, 15:16, 15:21, 15:24, 15:30, 15:30, 15:50, 15:50, 15:58, 15:59, 16:11, 16:11, 16:13, 16:13, 16:31, 16:32, 16:34, 16:35, 16:43, 16:53, 16:54, 17:11, 17:13, 17:14, 17:20, 17:20, 17:29, 17:37, 17:38, 17:40, 17:50, 17:55, 18:00, 18:01, 18:02, 18:10, 18:21, 18:25, 18:30, 18:34, 18:37, 18:41, 18:44, 18:50, 19:05, 19:09, 19:10, 19:10, 19:24, 19:30, 19:31, 19:38, 19:49, 19:50, 19:54, 20:12, 20:12, 20:18, 20:21, 20:30, 20:36, 20:57, 20:59, 21:18, 21:27, 21:33, 21:37, 22:00, 22:03, 22:17, 22:33, 22:40, 23:43];[[0, 1, 2, 3, 4], [0, 1, 2, 3, 4], [0, 1, 2, 3, 4], [0, 1, 2, 3, 4], [0, 1, 2, 3, 4], [0, 1, 2, 3, 4], [5], [0, 1, 2, 3, 4], [0, 1, 2, 3, 4], [5], [0, 1, 2, 3, 4], [5], [0, 1, 2, 3, 4], [0, 1, 2, 3, 4], [6], [5], [0, 1, 2, 3, 4], [5], [6], [0, 1, 2, 3, 4], [0, 1, 2, 3, 4], [6], [5], [5], [0, 1, 2, 3, 4], [0, 1, 2, 3, 4], [6], [5], [6], [5], [0, 1, 2, 3, 4], [0, 1, 2, 3, 4], [6], [5], [0, 1, 2, 3, 4], [5], [6], [5], [0, 1, 2, 3, 4], [0, 1, 2, 3, 4], [5], [6], [5], [0, 1, 2, 3, 4], [6], [0, 1, 2, 3, 4], [5], [5], [6], [5], [6], [5], [0, 1, 2, 3, 4], [0, 1, 2, 3, 4], [5], [0, 1, 2, 3, 4], [6], [0, 1, 2, 3, 4], [5], [6], [5], [5], [6], [5], [0, 1, 2, 3, 4], [0, 1, 2, 3, 4], [5], [6], [0, 1, 2, 3, 4], [0, 1, 2, 3, 4], [5], [5], [6], [5], [6], [5], [0, 1, 2, 3, 4], [0, 1, 2, 3, 4], [5], [6], [0, 1, 2, 3, 4], [5], [5], [0, 1, 2, 3, 4], [6], [5], [5], [0, 1, 2, 3, 4], [0, 1, 2, 3, 4], [6], [5], [5], [6], [0, 1, 2, 3, 4], [0, 1, 2, 3, 4], [5], [5], [6], [5], [0, 1, 2, 3, 4], [0, 1, 2, 3, 4], [5], [6], [5], [0, 1, 2, 3, 4], [5], [6], [0, 1, 2, 3, 4], [5], [0, 1, 2, 3, 4], [5], [6], [0, 1, 2, 3, 4], [5], [0, 1, 2, 3, 4], [5], [6], [0, 1, 2, 3, 4], [5], [5], [0, 1, 2, 3, 4], [6], [5], [5], [0, 1, 2, 3, 4], [0, 1, 2, 3, 4], [6], [5], [0, 1, 2, 3, 4], [6], [5], [0, 1, 2, 3, 4], [0, 1, 2, 3, 4], [5], [6], [5], [5], [0, 1, 2, 3, 4], [0, 1, 2, 3, 4], [6], [5], [5], [0, 1, 2, 3, 4], [0, 1, 2, 3, 4], [5], [6], [0, 1, 2, 3, 4], [5], [6], [0, 1, 2, 3, 4], [5], [0, 1, 2, 3, 4], [5], [6], [0, 1, 2, 3, 4], [5], [0, 1, 2, 3, 4], [5], [6], [5], [6], [0, 1, 2, 3, 4], [5], [5], [6], [5], [0, 1, 2, 3, 4], [0, 1, 2, 3, 4], [6], [5], [0, 1, 2, 3, 4], [5], [0, 1, 2, 3, 4], [5], [0, 1, 2, 3, 4], [0, 1, 2, 3, 4], [5], [5], [0, 1, 2, 3, 4], [0, 1, 2, 3, 4], [0, 1, 2, 3, 4]]
035;Brandywine Town Center / Shipley Rd;[648905, 657931, 648906, 648908, 648910, 648909];[ 5:40,  6:30,  7:05, 14:42, 15:22, 16:43];[[0, 1, 2, 3, 4], [0, 1, 2, 3, 4], [0, 1, 2, 3, 4], [0, 1, 2, 3, 4], [0, 1, 2, 3, 4], [0, 1, 2, 3, 4]]
040;Glasgow / Wilmington;[658553, 658517, 658554, 658555, 658518, 658647, 658556, 658519, 658648, 658520, 658688, 658557, 658721, 658668, 658521, 658558, 658649, 658689, 658522, 658669, 658705, 658559, 658523, 658650, 658690, 658560, 658524, 658670, 658706, 658561, 658651, 658525, 658691, 658562, 658671, 658707, 658526, 658652, 658692, 658563, 658672, 658708, 658527, 658564, 658653, 658693, 658528, 658565, 658673, 658709, 658529, 658654, 658694, 658566, 658530, 658674, 658710, 658567, 658655, 658695, 658531, 658568, 658675, 658711, 658532, 658656, 658569, 658696, 658533, 658676, 658712, 658570, 658657, 658534, 658697, 658571, 658677, 658713, 658535, 658572, 658658, 658698, 658536, 658678, 658714, 658573, 658537, 658659, 658699, 658574, 658679, 658715, 658538, 658575, 658660, 658700, 658539, 658716, 658680, 658577, 658540, 658661, 658701, 658590, 658681, 658541, 658717, 658578, 658702, 658662, 658542, 658579, 658682, 658718, 658543, 658663, 658703, 658580, 658544, 658719, 658683, 658581, 658664, 658704, 658545, 658582, 658720, 658684, 658546, 658583, 658665, 658547, 658584, 658685, 658548, 658666, 658585, 658686, 658549, 658667, 658550, 658586, 658687, 658587, 658551, 658588, 658552, 658589];[ 4:20,  4:45,  4:50,  5:20,  5:30,  5:48,  5:55,  6:00,  6:28,  6:30,  6:30,  6:48,  6:55,  6:58,  7:04,  7:11,  7:18,  7:20,  7:36,  7:45,  7:45,  7:52,  8:00,  8:08,  8:10,  8:20,  8:30,  8:35,  8:35,  8:54,  8:58,  9:00,  9:00,  9:23,  9:25,  9:25,  9:34,  9:48,  9:50,  9:54, 10:13, 10:15, 10:16, 10:23, 10:38, 10:40, 10:48, 10:59, 11:03, 11:05, 11:19, 11:28, 11:30, 11:34, 11:48, 11:53, 11:55, 12:06, 12:18, 12:20, 12:24, 12:38, 12:43, 12:45, 12:56, 13:08, 13:09, 13:10, 13:28, 13:33, 13:35, 13:44, 13:58, 14:00, 14:00, 14:14, 14:23, 14:25, 14:32, 14:46, 14:48, 14:50, 15:08, 15:13, 15:15, 15:18, 15:36, 15:38, 15:40, 15:50, 16:01, 16:03, 16:11, 16:23, 16:28, 16:30, 16:36, 16:53, 16:55, 16:57, 17:15, 17:18, 17:20, 17:23, 17:41, 17:44, 17:45, 17:58, 18:10, 18:12, 18:23, 18:26, 18:33, 18:35, 18:49, 18:58, 19:00, 19:05, 19:20, 19:20, 19:25, 19:40, 19:48, 19:50, 19:53, 20:06, 20:10, 20:15, 20:27, 20:33, 20:38, 21:00, 21:00, 21:00, 21:25, 21:28, 21:32, 21:45, 21:53, 22:08, 22:12, 22:14, 22:35, 22:36, 22:40, 23:00, 23:18, 23:43];[[0, 1, 2, 3, 4], [0, 1, 2, 3, 4], [0, 1, 2, 3, 4], [0, 1, 2, 3, 4], [0, 1, 2, 3, 4], [5], [0, 1, 2, 3, 4], [0, 1, 2, 3, 4], [5], [0, 1, 2, 3, 4], [6], [0, 1, 2, 3, 4], [6], [5], [0, 1, 2, 3, 4], [0, 1, 2, 3, 4], [5], [6], [0, 1, 2, 3, 4], [5], [6], [0, 1, 2, 3, 4], [0, 1, 2, 3, 4], [5], [6], [0, 1, 2, 3, 4], [0, 1, 2, 3, 4], [5], [6], [0, 1, 2, 3, 4], [5], [0, 1, 2, 3, 4], [6], [0, 1, 2, 3, 4], [5], [6], [0, 1, 2, 3, 4], [5], [6], [0, 1, 2, 3, 4], [5], [6], [0, 1, 2, 3, 4], [0, 1, 2, 3, 4], [5], [6], [0, 1, 2, 3, 4], [0, 1, 2, 3, 4], [5], [6], [0, 1, 2, 3, 4], [5], [6], [0, 1, 2, 3, 4], [0, 1, 2, 3, 4], [5], [6], [0, 1, 2, 3, 4], [5], [6], [0, 1, 2, 3, 4], [0, 1, 2, 3, 4], [5], [6], [0, 1, 2, 3, 4], [5], [0, 1, 2, 3, 4], [6], [0, 1, 2, 3, 4], [5], [6], [0, 1, 2, 3, 4], [5], [0, 1, 2, 3, 4], [6], [0, 1, 2, 3, 4], [5], [6], [0, 1, 2, 3, 4], [0, 1, 2, 3, 4], [5], [6], [0, 1, 2, 3, 4], [5], [6], [0, 1, 2, 3, 4], [0, 1, 2, 3, 4], [5], [6], [0, 1, 2, 3, 4], [5], [6], [0, 1, 2, 3, 4], [0, 1, 2, 3, 4], [5], [6], [0, 1, 2, 3, 4], [6], [5], [0, 1, 2, 3, 4], [0, 1, 2, 3, 4], [5], [6], [0, 1, 2, 3, 4], [5], [0, 1, 2, 3, 4], [6], [0, 1, 2, 3, 4], [6], [5], [0, 1, 2, 3, 4], [0, 1, 2, 3, 4], [5], [6], [0, 1, 2, 3, 4], [5], [6], [0, 1, 2, 3, 4], [0, 1, 2, 3, 4], [6], [5], [0, 1, 2, 3, 4], [5], [6], [0, 1, 2, 3, 4], [0, 1, 2, 3, 4], [6], [5], [0, 1, 2, 3, 4], [0, 1, 2, 3, 4], [5], [0, 1, 2, 3, 4], [0, 1, 2, 3, 4], [5], [0, 1, 2, 3, 4], [5], [0, 1, 2, 3, 4], [5], [0, 1, 2, 3, 4], [5], [0, 1, 2, 3, 4], [0, 1, 2, 3, 4], [5], [0, 1, 2, 3, 4], [0, 1, 2, 3, 4], [0, 1, 2, 3, 4], [0, 1, 2, 3, 4], [0, 1, 2, 3, 4]]
046;Newark / Glasgow / Middletown;[649133, 649109, 649184, 649154, 649111, 649134, 649112, 649171, 649135, 649113, 649186, 649136, 649172, 649114, 649137, 649157, 649115, 649138, 649158, 649130, 649139, 649173, 649116, 649174, 649159, 649140, 649131, 649160, 649151, 649175, 649185, 649117, 649141, 649161, 649132, 649142, 649170, 649118, 649176, 649177, 649162, 649152, 649119, 649155, 649163, 649120, 649143, 649179, 649178, 649121, 649153, 649164, 649122, 649144, 649165, 649123, 649145, 649180, 649124, 649181, 649146, 649166, 649125, 649147, 649126, 664455, 649148, 649127, 649128, 649149, 649150, 649129, 649156, 649108];[ 4:55,  5:01,  5:03,  5:35,  5:40,  5:58,  6:05,  6:15,  6:20,  6:45,  6:45,  7:00,  7:00,  7:15,  7:30,  7:30,  7:40,  8:10,  8:15,  8:25,  8:40,  8:43,  8:56,  8:58,  9:25,  9:45, 10:05, 10:20, 10:25, 10:49, 11:00, 11:05, 11:20, 11:30, 11:50, 12:25, 12:25, 12:45, 13:00, 13:00, 13:20, 13:25, 13:45, 14:25, 14:30, 14:46, 15:00, 15:00, 15:08, 15:17, 15:42, 15:45, 15:50, 16:25, 16:25, 16:30, 16:50, 16:58, 17:10, 17:10, 17:25, 17:35, 17:57, 18:00, 18:25, 18:30, 18:40, 18:55, 19:30, 19:30, 20:15, 20:50, 20:50, 21:30];[[0, 1, 2, 3, 4], [0, 1, 2, 3, 4], [5], [0, 1, 2, 3, 4], [0, 1, 2, 3, 4], [0, 1, 2, 3, 4], [0, 1, 2, 3, 4], [5], [0, 1, 2, 3, 4], [0, 1, 2, 3, 4], [5], [0, 1, 2, 3, 4], [5], [0, 1, 2, 3, 4], [0, 1, 2, 3, 4], [5], [0, 1, 2, 3, 4], [0, 1, 2, 3, 4], [5], [0, 1, 2, 3, 4], [0, 1, 2, 3, 4], [5], [0, 1, 2, 3, 4], [5], [5], [0, 1, 2, 3, 4], [0, 1, 2, 3, 4], [5], [0, 1, 2, 3, 4], [5], [5], [0, 1, 2, 3, 4], [0, 1, 2, 3, 4], [5], [0, 1, 2, 3, 4], [0, 1, 2, 3, 4], [5], [0, 1, 2, 3, 4], [5], [5], [5], [0, 1, 2, 3, 4], [0, 1, 2, 3, 4], [0, 1, 2, 3, 4], [5], [0, 1, 2, 3, 4], [0, 1, 2, 3, 4], [5], [5], [0, 1, 2, 3, 4], [0, 1, 2, 3, 4], [5], [0, 1, 2, 3, 4], [0, 1, 2, 3, 4], [5], [0, 1, 2, 3, 4], [0, 1, 2, 3, 4], [5], [0, 1, 2, 3, 4], [5], [0, 1, 2, 3, 4], [5], [0, 1, 2, 3, 4], [0, 1, 2, 3, 4], [0, 1, 2, 3, 4], [5], [0, 1, 2, 3, 4], [0, 1, 2, 3, 4], [0, 1, 2, 3, 4], [0, 1, 2, 3, 4], [0, 1, 2, 3, 4], [0, 1, 2, 3, 4], [0, 1, 2, 3, 4], [0, 1, 2, 3, 4]]
051;New Castle Av / DE 273 / Ch Mall;[649206, 649190, 649222, 649191, 649208, 649209, 649192, 649193, 649210, 649211, 649200, 649195, 649212, 649213, 649196, 649197, 649214, 649215, 649198, 649199, 649216, 649189, 649217, 649219, 649194, 649201, 649218, 649223, 649202, 649203, 649220, 649221, 649204, 649205];[ 4:53,  5:50,  5:50,  6:50,  6:52,  7:55,  8:02,  9:02,  9:05, 10:05, 10:15, 11:10, 11:20, 12:10, 12:25, 12:45, 13:30, 13:49, 13:55, 14:40, 15:00, 15:40, 15:45, 16:50, 16:55, 17:50, 18:00, 18:50, 19:08, 19:55, 20:10, 20:55, 21:10, 21:55];[[0, 1, 2, 3, 4], [0, 1, 2, 3, 4], [0, 1, 2, 3, 4], [0, 1, 2, 3, 4], [0, 1, 2, 3, 4], [0, 1, 2, 3, 4], [0, 1, 2, 3, 4], [0, 1, 2, 3, 4], [0, 1, 2, 3, 4], [0, 1, 2, 3, 4], [0, 1, 2, 3, 4], [0, 1, 2, 3, 4], [0, 1, 2, 3, 4], [0, 1, 2, 3, 4], [0, 1, 2, 3, 4], [0, 1, 2, 3, 4], [0, 1, 2, 3, 4], [0, 1, 2, 3, 4], [0, 1, 2, 3, 4], [0, 1, 2, 3, 4], [0, 1, 2, 3, 4], [0, 1, 2, 3, 4], [0, 1, 2, 3, 4], [0, 1, 2, 3, 4], [0, 1, 2, 3, 4], [0, 1, 2, 3, 4], [0, 1, 2, 3, 4], [0, 1, 2, 3, 4], [0, 1, 2, 3, 4], [0, 1, 2, 3, 4], [0, 1, 2, 3, 4], [0, 1, 2, 3, 4], [0, 1, 2, 3, 4], [0, 1, 2, 3, 4]]
053;Delaware City DMV / Newark Hub;[649233, 649234, 658733, 649224, 658732, 649235, 649227, 649236, 649239, 658731, 649231, 649230, 649226, 649225, 664381];[ 5:27,  6:05,  6:25,  9:29, 12:05, 13:25, 13:46, 14:05, 15:31, 15:45, 17:09, 19:36, 21:15, 21:57, 22:30];[[0, 1, 2, 3, 4], [0, 1, 2, 3, 4], [0, 1, 2, 3, 4], [0, 1, 2, 3, 4], [0, 1, 2, 3, 4], [0, 1, 2, 3, 4], [0, 1, 2, 3, 4], [0, 1, 2, 3, 4], [0, 1, 2, 3, 4], [0, 1, 2, 3, 4], [0, 1, 2, 3, 4], [0, 1, 2, 3, 4], [0, 1, 2, 3, 4], [0, 1, 2, 3, 4], [0, 1, 2, 3, 4]]
055;Ch Mall / Old Baltimore Pk / Newark;[649350, 649349, 649324, 649325, 649374, 649348, 649360, 649347, 649323, 649373, 649322, 649346, 649359, 649345, 649321, 649372, 649320, 649344, 649358, 649371, 649343, 649319, 649357, 649318, 649342, 649370, 649341, 649317, 649356, 649340, 649316, 649369, 649339, 649315, 649352, 649314, 649338, 649368, 649327, 649313, 649355, 649366, 649312, 649326, 649354, 649336, 649303, 649365, 649311, 649337, 649353, 649335, 649310, 649364, 649302, 649334, 649351, 649304, 649328, 649367, 649308, 649333, 649361, 649375, 649309, 649332, 649362, 649307, 649376, 664379, 649363, 664380];[ 5:54,  6:31,  6:32,  7:10,  7:10,  7:11,  7:44,  7:49,  7:50,  8:15,  8:29,  8:29,  8:48,  9:08,  9:09,  9:20,  9:49,  9:49,  9:55, 10:28, 10:29, 10:30, 11:05, 11:10, 11:10, 11:40, 11:50, 11:51, 12:20, 12:29, 12:31, 12:56, 13:11, 13:12, 13:35, 13:53, 13:53, 13:56, 14:33, 14:35, 14:35, 15:12, 15:15, 15:15, 15:50, 15:57, 15:59, 16:28, 16:41, 16:41, 17:05, 17:23, 17:25, 17:43, 18:07, 18:07, 18:20, 18:47, 18:47, 18:55, 19:27, 19:27, 19:30, 20:00, 20:07, 20:07, 20:35, 20:44, 21:05, 21:24, 21:38, 22:01];[[0, 1, 2, 3, 4], [0, 1, 2, 3, 4], [0, 1, 2, 3, 4], [0, 1, 2, 3, 4], [5], [0, 1, 2, 3, 4], [5], [0, 1, 2, 3, 4], [0, 1, 2, 3, 4], [5], [0, 1, 2, 3, 4], [0, 1, 2, 3, 4], [5], [0, 1, 2, 3, 4], [0, 1, 2, 3, 4], [5], [0, 1, 2, 3, 4], [0, 1, 2, 3, 4], [5], [5], [0, 1, 2, 3, 4], [0, 1, 2, 3, 4], [5], [0, 1, 2, 3, 4], [0, 1, 2, 3, 4], [5], [0, 1, 2, 3, 4], [0, 1, 2, 3, 4], [5], [0, 1, 2, 3, 4], [0, 1, 2, 3, 4], [5], [0, 1, 2, 3, 4], [0, 1, 2, 3, 4], [5], [0, 1, 2, 3, 4], [0, 1, 2, 3, 4], [5], [0, 1, 2, 3, 4], [0, 1, 2, 3, 4], [5], [5], [0, 1, 2, 3, 4], [0, 1, 2, 3, 4], [5], [0, 1, 2, 3, 4], [0, 1, 2, 3, 4], [5], [0, 1, 2, 3, 4], [0, 1, 2, 3, 4], [5], [0, 1, 2, 3, 4], [0, 1, 2, 3, 4], [5], [0, 1, 2, 3, 4], [0, 1, 2, 3, 4], [5], [0, 1, 2, 3, 4], [0, 1, 2, 3, 4], [5], [0, 1, 2, 3, 4], [0, 1, 2, 3, 4], [5], [5], [0, 1, 2, 3, 4], [0, 1, 2, 3, 4], [5], [0, 1, 2, 3, 4], [5], [0, 1, 2, 3, 4], [5], [0, 1, 2, 3, 4]]
061;Naamans Road;[649385, 649393, 649384, 649394, 649383, 649395, 649382, 649396, 649381, 649397, 649390, 649398, 649380, 649399, 649379, 649400, 649378, 664024, 649377, 664022, 649386, 664023, 649387, 649404, 649388, 649405, 649389, 649406, 649391, 649407, 649392, 664025];[ 6:10,  6:35,  7:08,  7:34,  8:09,  8:36,  9:10,  9:36, 10:10, 10:35, 11:10, 11:35, 12:10, 12:35, 13:10, 13:35, 14:10, 14:35, 15:10, 15:35, 16:10, 16:35, 17:10, 17:35, 18:10, 18:35, 19:08, 19:33, 20:08, 20:33, 21:08, 21:33];[[0, 1, 2, 3, 4], [0, 1, 2, 3, 4], [0, 1, 2, 3, 4], [0, 1, 2, 3, 4], [0, 1, 2, 3, 4], [0, 1, 2, 3, 4], [0, 1, 2, 3, 4], [0, 1, 2, 3, 4], [0, 1, 2, 3, 4], [0, 1, 2, 3, 4], [0, 1, 2, 3, 4], [0, 1, 2, 3, 4], [0, 1, 2, 3, 4], [0, 1, 2, 3, 4], [0, 1, 2, 3, 4], [0, 1, 2, 3, 4], [0, 1, 2, 3, 4], [0, 1, 2, 3, 4], [0, 1, 2, 3, 4], [0, 1, 2, 3, 4], [0, 1, 2, 3, 4], [0, 1, 2, 3, 4], [0, 1, 2, 3, 4], [0, 1, 2, 3, 4], [0, 1, 2, 3, 4], [0, 1, 2, 3, 4], [0, 1, 2, 3, 4], [0, 1, 2, 3, 4], [0, 1, 2, 3, 4], [0, 1, 2, 3, 4], [0, 1, 2, 3, 4], [0, 1, 2, 3, 4]]
064;Glasgow / Christiana Mall;[649423, 649408, 649424, 649425, 649439, 649454, 649409, 658079, 649410, 649452, 649455, 649426, 658092, 658080, 649440, 649456, 649427, 658093, 649411, 658081, 649457, 649412, 649441, 658094, 649428, 658082, 658095, 649458, 649413, 649429, 649451, 658083, 649414, 649430, 649442, 649459, 658096, 649415, 658084, 649431, 649460, 658097, 649443, 658085, 649432, 649461, 649416, 658098, 649444, 658086, 649417, 649433, 658099, 649445, 649462, 658087, 649434, 658100, 649418, 649446, 649463, 658088, 649419, 658101, 649435, 649464, 649447, 658089, 649436, 658102, 649420, 649465, 649448, 658090, 658103, 649421, 649437, 649453, 649466, 658091, 649438, 649422, 649449, 649467];[ 5:10,  6:05,  6:10,  7:05,  7:05,  7:05,  7:10,  7:55,  8:05,  8:05,  8:05,  8:10,  8:10,  8:57,  9:05,  9:05,  9:10,  9:10,  9:15,  9:57, 10:05, 10:10, 10:10, 10:10, 10:15, 10:57, 11:00, 11:10, 11:15, 11:15, 11:15, 11:50, 12:15, 12:15, 12:15, 12:15, 12:15, 13:05, 13:05, 13:15, 13:15, 13:15, 13:20, 14:00, 14:05, 14:10, 14:15, 14:15, 14:20, 15:05, 15:10, 15:15, 15:15, 15:20, 15:20, 16:10, 16:15, 16:15, 16:20, 16:25, 16:25, 17:05, 17:20, 17:20, 17:23, 17:25, 17:30, 18:10, 18:20, 18:20, 18:25, 18:28, 18:30, 19:10, 19:15, 19:20, 19:25, 19:30, 19:30, 20:00, 20:20, 20:25, 20:30, 20:30];[[0, 1, 2, 3, 4], [0, 1, 2, 3, 4], [0, 1, 2, 3, 4], [0, 1, 2, 3, 4], [5], [5], [0, 1, 2, 3, 4], [6], [0, 1, 2, 3, 4], [5], [5], [0, 1, 2, 3, 4], [6], [6], [5], [5], [0, 1, 2, 3, 4], [6], [0, 1, 2, 3, 4], [6], [5], [0, 1, 2, 3, 4], [5], [6], [0, 1, 2, 3, 4], [6], [6], [5], [0, 1, 2, 3, 4], [0, 1, 2, 3, 4], [5], [6], [0, 1, 2, 3, 4], [0, 1, 2, 3, 4], [5], [5], [6], [0, 1, 2, 3, 4], [6], [0, 1, 2, 3, 4], [5], [6], [5], [6], [0, 1, 2, 3, 4], [5], [0, 1, 2, 3, 4], [6], [5], [6], [0, 1, 2, 3, 4], [0, 1, 2, 3, 4], [6], [5], [5], [6], [0, 1, 2, 3, 4], [6], [0, 1, 2, 3, 4], [5], [5], [6], [0, 1, 2, 3, 4], [6], [0, 1, 2, 3, 4], [5], [5], [6], [0, 1, 2, 3, 4], [6], [0, 1, 2, 3, 4], [5], [5], [6], [6], [0, 1, 2, 3, 4], [0, 1, 2, 3, 4], [5], [5], [6], [0, 1, 2, 3, 4], [0, 1, 2, 3, 4], [5], [5]]
101;Walker Road;[650657, 650670, 650656, 650669, 650655, 650668, 650679, 650654, 650687, 650667, 650678, 650653, 650686, 650666, 650677, 650652, 650685, 650665, 650676, 650651, 650684, 650664, 650675, 650650, 650683, 650663, 650674, 650649, 650682, 650662, 650673, 650648, 650681, 650661, 650672, 650647, 650680, 650660, 650646, 650659, 650658, 650671];[ 6:05,  6:30,  7:05,  7:34,  8:05,  8:34,  9:00,  9:05,  9:20,  9:27, 10:00, 10:05, 10:20, 10:24, 11:00, 11:05, 11:20, 11:31, 12:00, 12:05, 12:20, 12:32, 13:00, 13:05, 13:20, 13:25, 14:00, 14:05, 14:20, 14:32, 15:00, 15:05, 15:20, 15:32, 16:00, 16:05, 16:20, 16:33, 17:05, 17:33, 18:05, 18:26];[[0, 1, 2, 3, 4], [0, 1, 2, 3, 4], [0, 1, 2, 3, 4], [0, 1, 2, 3, 4], [0, 1, 2, 3, 4], [0, 1, 2, 3, 4], [5], [0, 1, 2, 3, 4], [5], [0, 1, 2, 3, 4], [5], [0, 1, 2, 3, 4], [5], [0, 1, 2, 3, 4], [5], [0, 1, 2, 3, 4], [5], [0, 1, 2, 3, 4], [5], [0, 1, 2, 3, 4], [5], [0, 1, 2, 3, 4], [5], [0, 1, 2, 3, 4], [5], [0, 1, 2, 3, 4], [5], [0, 1, 2, 3, 4], [5], [0, 1, 2, 3, 4], [5], [0, 1, 2, 3, 4], [5], [0, 1, 2, 3, 4], [5], [0, 1, 2, 3, 4], [5], [0, 1, 2, 3, 4], [0, 1, 2, 3, 4], [0, 1, 2, 3, 4], [0, 1, 2, 3, 4], [0, 1, 2, 3, 4]]
104;Camden Walmart;[650746, 650799, 650745, 650744, 650783, 650798, 650743, 650742, 650782, 650741, 650797, 650740, 650808, 650781, 650796, 650817, 650739, 650780, 650738, 650807, 650795, 650816, 650768, 650767, 650806, 650779, 650794, 650815, 650766, 650765, 650778, 650805, 650793, 650814, 650764, 650763, 650804, 650777, 650792, 650813, 650762, 650761, 650776, 650803, 650812, 650760, 650791, 650759, 650802, 650775, 650790, 650811, 650758, 650757, 650774, 650801, 650810, 650756, 650789, 650755, 650800, 650773, 650788, 650809, 650754, 650753, 650772, 650752, 650787, 650751, 650771, 650786, 650750, 650749, 650770, 650748, 650785, 650747, 650769, 650784];[ 6:05,  6:33,  6:35,  7:00,  7:03,  7:33,  7:35,  8:05,  8:05,  8:35,  8:35,  9:00,  9:05,  9:07,  9:33,  9:33,  9:35, 10:03, 10:05, 10:05, 10:33, 10:33, 10:35, 11:00, 11:05, 11:07, 11:33, 11:33, 11:35, 12:00, 12:05, 12:05, 12:33, 12:33, 12:35, 13:00, 13:05, 13:07, 13:33, 13:33, 13:35, 14:05, 14:05, 14:05, 14:33, 14:35, 14:35, 15:00, 15:05, 15:07, 15:33, 15:33, 15:35, 16:05, 16:05, 16:05, 16:33, 16:35, 16:35, 17:00, 17:05, 17:07, 17:33, 17:33, 17:35, 18:05, 18:07, 18:35, 18:35, 19:00, 19:07, 19:33, 19:35, 20:05, 20:05, 20:35, 20:35, 21:05, 21:07, 21:33];[[0, 1, 2, 3, 4], [0, 1, 2, 3, 4], [0, 1, 2, 3, 4], [0, 1, 2, 3, 4], [0, 1, 2, 3, 4], [0, 1, 2, 3, 4], [0, 1, 2, 3, 4], [0, 1, 2, 3, 4], [0, 1, 2, 3, 4], [0, 1, 2, 3, 4], [0, 1, 2, 3, 4], [0, 1, 2, 3, 4], [5], [0, 1, 2, 3, 4], [0, 1, 2, 3, 4], [5], [0, 1, 2, 3, 4], [0, 1, 2, 3, 4], [0, 1, 2, 3, 4], [5], [0, 1, 2, 3, 4], [5], [0, 1, 2, 3, 4], [0, 1, 2, 3, 4], [5], [0, 1, 2, 3, 4], [0, 1, 2, 3, 4], [5], [0, 1, 2, 3, 4], [0, 1, 2, 3, 4], [0, 1, 2, 3, 4], [5], [0, 1, 2, 3, 4], [5], [0, 1, 2, 3, 4], [0, 1, 2, 3, 4], [5], [0, 1, 2, 3, 4], [0, 1, 2, 3, 4], [5], [0, 1, 2, 3, 4], [0, 1, 2, 3, 4], [0, 1, 2, 3, 4], [5], [5], [0, 1, 2, 3, 4], [0, 1, 2, 3, 4], [0, 1, 2, 3, 4], [5], [0, 1, 2, 3, 4], [0, 1, 2, 3, 4], [5], [0, 1, 2, 3, 4], [0, 1, 2, 3, 4], [0, 1, 2, 3, 4], [5], [5], [0, 1, 2, 3, 4], [0, 1, 2, 3, 4], [0, 1, 2, 3, 4], [5], [0, 1, 2, 3, 4], [0, 1, 2, 3, 4], [5], [0, 1, 2, 3, 4], [0, 1, 2, 3, 4], [0, 1, 2, 3, 4], [0, 1, 2, 3, 4], [0, 1, 2, 3, 4], [0, 1, 2, 3, 4], [0, 1, 2, 3, 4], [0, 1, 2, 3, 4], [0, 1, 2, 3, 4], [0, 1, 2, 3, 4], [0, 1, 2, 3, 4], [0, 1, 2, 3, 4], [0, 1, 2, 3, 4], [0, 1, 2, 3, 4], [0, 1, 2, 3, 4], [0, 1, 2, 3, 4]]
105;Moores Lake Ctr / Dover AFB;[650841, 650863, 650839, 650861, 650837, 650859, 650835, 650868, 650865, 650877, 650819, 650875, 650864, 650878, 650821, 650873, 650862, 650879, 650831, 650869, 650860, 650880, 650820, 650874, 650858, 650881, 650818, 650876, 650857, 650882, 650827, 650870, 650856, 650883, 650825, 650871, 650855, 650884, 650823, 650872, 650853, 650885, 650842];[ 6:00,  6:27,  7:00,  7:27,  8:00,  8:27,  9:00,  9:05,  9:27,  9:27, 10:00, 10:05, 10:27, 10:28, 11:00, 11:05, 11:27, 11:28, 12:00, 12:05, 12:27, 12:28, 13:00, 13:05, 13:27, 13:29, 14:00, 14:05, 14:27, 14:29, 15:00, 15:05, 15:27, 15:29, 16:00, 16:05, 16:27, 16:29, 17:00, 17:05, 17:27, 17:29, 18:00];[[0, 1, 2, 3, 4], [0, 1, 2, 3, 4], [0, 1, 2, 3, 4], [0, 1, 2, 3, 4], [0, 1, 2, 3, 4], [0, 1, 2, 3, 4], [0, 1, 2, 3, 4], [5], [0, 1, 2, 3, 4], [5], [0, 1, 2, 3, 4], [5], [0, 1, 2, 3, 4], [5], [0, 1, 2, 3, 4], [5], [0, 1, 2, 3, 4], [5], [0, 1, 2, 3, 4], [5], [0, 1, 2, 3, 4], [5], [0, 1, 2, 3, 4], [5], [0, 1, 2, 3, 4], [5], [0, 1, 2, 3, 4], [5], [0, 1, 2, 3, 4], [5], [0, 1, 2, 3, 4], [5], [0, 1, 2, 3, 4], [5], [0, 1, 2, 3, 4], [5], [0, 1, 2, 3, 4], [5], [0, 1, 2, 3, 4], [5], [0, 1, 2, 3, 4], [5], [0, 1, 2, 3, 4]]
107;Blue Hen Corp Ctr;[650914, 650898, 650913, 650897, 650912, 650896, 650911, 650895, 650910, 650894, 650909, 650893, 650908, 650892, 650907, 650891, 650906, 650890, 650905, 650889, 650904, 650888, 650903, 650887];[ 5:55,  6:30,  6:55,  7:30,  7:55,  8:30,  8:55,  9:30,  9:55, 10:30, 10:55, 11:30, 11:55, 12:30, 12:55, 13:30, 13:55, 14:30, 14:55, 15:30, 15:55, 16:30, 16:55, 17:30];[[0, 1, 2, 3, 4], [0, 1, 2, 3, 4], [0, 1, 2, 3, 4], [0, 1, 2, 3, 4], [0, 1, 2, 3, 4], [0, 1, 2, 3, 4], [0, 1, 2, 3, 4], [0, 1, 2, 3, 4], [0, 1, 2, 3, 4], [0, 1, 2, 3, 4], [0, 1, 2, 3, 4], [0, 1, 2, 3, 4], [0, 1, 2, 3, 4], [0, 1, 2, 3, 4], [0, 1, 2, 3, 4], [0, 1, 2, 3, 4], [0, 1, 2, 3, 4], [0, 1, 2, 3, 4], [0, 1, 2, 3, 4], [0, 1, 2, 3, 4], [0, 1, 2, 3, 4], [0, 1, 2, 3, 4], [0, 1, 2, 3, 4], [0, 1, 2, 3, 4]]
108;Persimmon Tree / Town Point;[650929, 650944, 650928, 650943, 650927, 650942, 650926, 650956, 650965, 650941, 650925, 650955, 650964, 650940, 650924, 650954, 650963, 650939, 650923, 650953, 650962, 650938, 650922, 650952, 650937, 650961, 650921, 650951, 650936, 650960, 650920, 650950, 650935, 650959, 650919, 650949, 650934, 650958, 650918, 650948, 650933, 650957, 650930, 650945, 650931, 650946, 650932, 650947];[ 6:00,  6:25,  7:00,  7:25,  8:00,  8:27,  9:00,  9:00,  9:24,  9:27, 10:00, 10:00, 10:25, 10:28, 11:00, 11:00, 11:26, 11:28, 12:00, 12:00, 12:28, 12:30, 13:00, 13:00, 13:28, 13:28, 14:00, 14:00, 14:26, 14:28, 15:00, 15:00, 15:26, 15:27, 16:00, 16:00, 16:26, 16:27, 17:00, 17:00, 17:26, 17:26, 18:00, 18:25, 19:00, 19:25, 20:00, 20:22];[[0, 1, 2, 3, 4], [0, 1, 2, 3, 4], [0, 1, 2, 3, 4], [0, 1, 2, 3, 4], [0, 1, 2, 3, 4], [0, 1, 2, 3, 4], [0, 1, 2, 3, 4], [5], [5], [0, 1, 2, 3, 4], [0, 1, 2, 3, 4], [5], [5], [0, 1, 2, 3, 4], [0, 1, 2, 3, 4], [5], [5], [0, 1, 2, 3, 4], [0, 1, 2, 3, 4], [5], [5], [0, 1, 2, 3, 4], [0, 1, 2, 3, 4], [5], [0, 1, 2, 3, 4], [5], [0, 1, 2, 3, 4], [5], [0, 1, 2, 3, 4], [5], [0, 1, 2, 3, 4], [5], [0, 1, 2, 3, 4], [5], [0, 1, 2, 3, 4], [5], [0, 1, 2, 3, 4], [5], [0, 1, 2, 3, 4], [5], [0, 1, 2, 3, 4], [5], [0, 1, 2, 3, 4], [0, 1, 2, 3, 4], [0, 1, 2, 3, 4], [0, 1, 2, 3, 4], [0, 1, 2, 3, 4], [0, 1, 2, 3, 4]]
109;Dover Mall;[650985, 651008, 650984, 651007, 650983, 651006, 650982, 651022, 651023, 651005, 650973, 650981, 651021, 650996, 650972, 651000, 651031, 650980, 651020, 650995, 650986, 651004, 651030, 650979, 651019, 651009, 650971, 651003, 651029, 650978, 651018, 650993, 650970, 651002, 651028, 650977, 651017, 650994, 650987, 651027, 651001, 650976, 651016, 651010, 650988, 651026, 650997, 650975, 651015, 651011, 650989, 651025, 650999, 650974, 651014, 651012, 651024, 650998, 650969, 650992];[ 6:35,  7:01,  7:35,  8:02,  8:35,  9:03,  9:35,  9:35, 10:03, 10:04, 10:05, 10:35, 10:35, 10:36, 11:05, 11:06, 11:06, 11:35, 11:35, 11:36, 12:05, 12:06, 12:06, 12:35, 12:35, 12:36, 13:05, 13:06, 13:07, 13:35, 13:35, 13:36, 14:05, 14:06, 14:06, 14:35, 14:35, 14:37, 15:05, 15:06, 15:07, 15:35, 15:35, 15:37, 16:05, 16:05, 16:07, 16:35, 16:35, 16:37, 17:05, 17:05, 17:07, 17:35, 17:35, 17:37, 18:05, 18:06, 18:35, 19:04];[[0, 1, 2, 3, 4], [0, 1, 2, 3, 4], [0, 1, 2, 3, 4], [0, 1, 2, 3, 4], [0, 1, 2, 3, 4], [0, 1, 2, 3, 4], [0, 1, 2, 3, 4], [5], [5], [0, 1, 2, 3, 4], [0, 1, 2, 3, 4], [0, 1, 2, 3, 4], [5], [0, 1, 2, 3, 4], [0, 1, 2, 3, 4], [0, 1, 2, 3, 4], [5], [0, 1, 2, 3, 4], [5], [0, 1, 2, 3, 4], [0, 1, 2, 3, 4], [0, 1, 2, 3, 4], [5], [0, 1, 2, 3, 4], [5], [0, 1, 2, 3, 4], [0, 1, 2, 3, 4], [0, 1, 2, 3, 4], [5], [0, 1, 2, 3, 4], [5], [0, 1, 2, 3, 4], [0, 1, 2, 3, 4], [0, 1, 2, 3, 4], [5], [0, 1, 2, 3, 4], [5], [0, 1, 2, 3, 4], [0, 1, 2, 3, 4], [5], [0, 1, 2, 3, 4], [0, 1, 2, 3, 4], [5], [0, 1, 2, 3, 4], [0, 1, 2, 3, 4], [5], [0, 1, 2, 3, 4], [0, 1, 2, 3, 4], [5], [0, 1, 2, 3, 4], [0, 1, 2, 3, 4], [5], [0, 1, 2, 3, 4], [0, 1, 2, 3, 4], [5], [0, 1, 2, 3, 4], [5], [0, 1, 2, 3, 4], [0, 1, 2, 3, 4], [0, 1, 2, 3, 4]]
112;DelTech / West Dover;[651047, 651078, 651062, 651093, 651046, 651077, 651061, 651092, 651045, 651060, 651076, 651044, 651091, 651111, 651075, 651059, 651102, 651090, 651043, 651110, 651058, 651074, 651101, 651042, 651089, 651109, 651057, 651073, 651100, 651041, 651088, 651108, 651056, 651072, 651099, 651040, 651087, 651107, 651055, 651071, 651098, 651039, 651086, 651106, 651054, 651070, 651097, 651038, 651085, 651105, 651053, 651069, 651096, 651037, 651084, 651104, 651052, 651068, 651095, 651036, 651083, 651103, 651051, 651067, 651094, 651035, 651082, 651112, 651066, 651050, 651081, 651034, 651065, 651049, 651080, 651033, 651064, 651048, 651079, 651032, 651063];[ 6:00,  6:27,  6:30,  6:57,  7:00,  7:28,  7:30,  7:58,  8:00,  8:30,  8:31,  9:00,  9:01,  9:10,  9:28,  9:30,  9:35,  9:58, 10:00, 10:05, 10:30, 10:31, 10:35, 11:00, 11:01, 11:05, 11:30, 11:31, 11:35, 12:00, 12:01, 12:05, 12:30, 12:31, 12:35, 13:00, 13:01, 13:05, 13:30, 13:31, 13:35, 14:00, 14:01, 14:05, 14:30, 14:31, 14:35, 15:00, 15:01, 15:05, 15:30, 15:32, 15:35, 16:00, 16:02, 16:05, 16:30, 16:32, 16:35, 17:00, 17:02, 17:05, 17:30, 17:32, 17:35, 18:00, 18:02, 18:05, 18:29, 18:30, 18:59, 19:00, 19:29, 19:30, 19:59, 20:00, 20:28, 20:30, 20:58, 21:00, 21:28];[[0, 1, 2, 3, 4], [0, 1, 2, 3, 4], [0, 1, 2, 3, 4], [0, 1, 2, 3, 4], [0, 1, 2, 3, 4], [0, 1, 2, 3, 4], [0, 1, 2, 3, 4], [0, 1, 2, 3, 4], [0, 1, 2, 3, 4], [0, 1, 2, 3, 4], [0, 1, 2, 3, 4], [0, 1, 2, 3, 4], [0, 1, 2, 3, 4], [5], [0, 1, 2, 3, 4], [0, 1, 2, 3, 4], [5], [0, 1, 2, 3, 4], [0, 1, 2, 3, 4], [5], [0, 1, 2, 3, 4], [0, 1, 2, 3, 4], [5], [0, 1, 2, 3, 4], [0, 1, 2, 3, 4], [5], [0, 1, 2, 3, 4], [0, 1, 2, 3, 4], [5], [0, 1, 2, 3, 4], [0, 1, 2, 3, 4], [5], [0, 1, 2, 3, 4], [0, 1, 2, 3, 4], [5], [0, 1, 2, 3, 4], [0, 1, 2, 3, 4], [5], [0, 1, 2, 3, 4], [0, 1, 2, 3, 4], [5], [0, 1, 2, 3, 4], [0, 1, 2, 3, 4], [5], [0, 1, 2, 3, 4], [0, 1, 2, 3, 4], [5], [0, 1, 2, 3, 4], [0, 1, 2, 3, 4], [5], [0, 1, 2, 3, 4], [0, 1, 2, 3, 4], [5], [0, 1, 2, 3, 4], [0, 1, 2, 3, 4], [5], [0, 1, 2, 3, 4], [0, 1, 2, 3, 4], [5], [0, 1, 2, 3, 4], [0, 1, 2, 3, 4], [5], [0, 1, 2, 3, 4], [0, 1, 2, 3, 4], [5], [0, 1, 2, 3, 4], [0, 1, 2, 3, 4], [5], [0, 1, 2, 3, 4], [0, 1, 2, 3, 4], [0, 1, 2, 3, 4], [0, 1, 2, 3, 4], [0, 1, 2, 3, 4], [0, 1, 2, 3, 4], [0, 1, 2, 3, 4], [0, 1, 2, 3, 4], [0, 1, 2, 3, 4], [0, 1, 2, 3, 4], [0, 1, 2, 3, 4], [0, 1, 2, 3, 4], [0, 1, 2, 3, 4]]
117;Harrington / Dover;[651128, 651120, 651127, 651119, 651126, 651118, 651125, 651117, 651124, 651116, 651123, 651115, 651122, 651114, 651121, 651113];[ 6:35,  7:33,  8:18,  9:33, 10:18, 11:33, 12:19, 13:33, 14:21, 15:33, 16:20, 17:33, 18:21, 19:33, 20:19, 21:33];[[0, 1, 2, 3, 4], [0, 1, 2, 3, 4], [0, 1, 2, 3, 4], [0, 1, 2, 3, 4], [0, 1, 2, 3, 4], [0, 1, 2, 3, 4], [0, 1, 2, 3, 4], [0, 1, 2, 3, 4], [0, 1, 2, 3, 4], [0, 1, 2, 3, 4], [0, 1, 2, 3, 4], [0, 1, 2, 3, 4], [0, 1, 2, 3, 4], [0, 1, 2, 3, 4], [0, 1, 2, 3, 4], [0, 1, 2, 3, 4]]
201;Lewes TC / Rehoboth Beach;[663965, 652442, 652544, 652406, 652367, 652469, 652405, 652507, 652381, 652483, 652418, 652520, 652380, 652482, 652417, 652519, 652379, 652481, 652416, 652518, 652378, 652480, 652415, 652517, 652377, 652479, 652414, 652516, 652376, 652478, 652413, 652515, 652375, 652477, 652545, 652443, 652412, 652382, 652484, 652514, 652383, 652485, 652420, 652522, 652384, 652486, 652421, 652523, 652385, 652487, 652422, 652524, 652386, 652488, 652423, 652525, 652387, 652489, 652424, 652526, 652388, 652490, 652425, 652527, 652389, 652491, 652426, 652528, 663966, 652492, 652427, 652529, 652391, 652493, 652428, 652530, 652392, 652494, 652429, 652531, 652393, 652495, 652430, 652532, 652394, 652496, 652431, 652533, 652395, 652497, 652432, 652534, 652396, 652498, 652433, 652535, 652397, 652499, 652434, 652536, 652398, 652500, 652435, 652537, 652399, 652501, 652436, 652538, 652400, 652502, 652437, 652539, 652401, 652503, 652438, 652540, 652402, 652504, 652439, 652541, 652403, 652505, 652440, 652542, 652441, 652543, 652374, 652476, 652373, 652475, 652411, 652513, 652410, 652512, 652372, 652474, 652409, 652511, 652371, 652473, 652408, 652510, 652370, 652472, 652419, 652521, 652471, 652509, 652506, 652546];[ 5:55,  6:05,  6:05,  6:21,  6:30,  6:30,  6:56,  6:56,  7:00,  7:00,  7:26,  7:28,  7:30,  7:30,  7:56,  7:58,  8:00,  8:00,  8:27,  8:28,  8:30,  8:30,  8:57,  8:58,  9:00,  9:00,  9:27,  9:28,  9:30,  9:30,  9:57,  9:58, 10:00, 10:00, 10:23, 10:25, 10:28, 10:30, 10:30, 10:30, 10:50, 10:50, 10:58, 11:00, 11:15, 11:15, 11:18, 11:20, 11:40, 11:40, 11:44, 11:45, 12:05, 12:05, 12:09, 12:10, 12:30, 12:30, 12:34, 12:36, 12:55, 12:55, 12:59, 13:01, 13:20, 13:20, 13:24, 13:26, 13:45, 13:45, 13:49, 13:52, 14:10, 14:10, 14:14, 14:17, 14:35, 14:35, 14:39, 14:42, 15:00, 15:00, 15:04, 15:07, 15:25, 15:25, 15:30, 15:32, 15:50, 15:50, 15:55, 15:57, 16:15, 16:15, 16:20, 16:22, 16:40, 16:40, 16:45, 16:47, 17:05, 17:05, 17:10, 17:12, 17:30, 17:30, 17:35, 17:35, 17:55, 17:55, 18:00, 18:00, 18:20, 18:20, 18:24, 18:24, 18:42, 18:42, 18:49, 18:49, 19:05, 19:05, 19:11, 19:11, 19:31, 19:34, 19:35, 19:35, 20:00, 20:00, 20:01, 20:04, 20:26, 20:27, 20:30, 20:30, 20:56, 20:57, 21:00, 21:00, 21:26, 21:26, 21:30, 21:30, 21:56, 21:56, 22:00, 22:25, 22:30, 22:55];[[0, 1, 2, 3, 4], [0, 1, 2, 3, 4], [5], [0, 1, 2, 3, 4], [0, 1, 2, 3, 4], [5], [0, 1, 2, 3, 4], [5], [0, 1, 2, 3, 4], [5], [0, 1, 2, 3, 4], [5], [0, 1, 2, 3, 4], [5], [0, 1, 2, 3, 4], [5], [0, 1, 2, 3, 4], [5], [0, 1, 2, 3, 4], [5], [0, 1, 2, 3, 4], [5], [0, 1, 2, 3, 4], [5], [0, 1, 2, 3, 4], [5], [0, 1, 2, 3, 4], [5], [0, 1, 2, 3, 4], [5], [0, 1, 2, 3, 4], [5], [0, 1, 2, 3, 4], [5], [5], [0, 1, 2, 3, 4], [0, 1, 2, 3, 4], [0, 1, 2, 3, 4], [5], [5], [0, 1, 2, 3, 4], [5], [0, 1, 2, 3, 4], [5], [0, 1, 2, 3, 4], [5], [0, 1, 2, 3, 4], [5], [0, 1, 2, 3, 4], [5], [0, 1, 2, 3, 4], [5], [0, 1, 2, 3, 4], [5], [0, 1, 2, 3, 4], [5], [0, 1, 2, 3, 4], [5], [0, 1, 2, 3, 4], [5], [0, 1, 2, 3, 4], [5], [0, 1, 2, 3, 4], [5], [0, 1, 2, 3, 4], [5], [0, 1, 2, 3, 4], [5], [0, 1, 2, 3, 4], [5], [0, 1, 2, 3, 4], [5], [0, 1, 2, 3, 4], [5], [0, 1, 2, 3, 4], [5], [0, 1, 2, 3, 4], [5], [0, 1, 2, 3, 4], [5], [0, 1, 2, 3, 4], [5], [0, 1, 2, 3, 4], [5], [0, 1, 2, 3, 4], [5], [0, 1, 2, 3, 4], [5], [0, 1, 2, 3, 4], [5], [0, 1, 2, 3, 4], [5], [0, 1, 2, 3, 4], [5], [0, 1, 2, 3, 4], [5], [0, 1, 2, 3, 4], [5], [0, 1, 2, 3, 4], [5], [0, 1, 2, 3, 4], [5], [0, 1, 2, 3, 4], [5], [0, 1, 2, 3, 4], [5], [0, 1, 2, 3, 4], [5], [0, 1, 2, 3, 4], [5], [0, 1, 2, 3, 4], [5], [0, 1, 2, 3, 4], [5], [0, 1, 2, 3, 4], [5], [0, 1, 2, 3, 4], [5], [0, 1, 2, 3, 4], [5], [0, 1, 2, 3, 4], [5], [0, 1, 2, 3, 4], [5], [0, 1, 2, 3, 4], [5], [0, 1, 2, 3, 4], [5], [0, 1, 2, 3, 4], [5], [0, 1, 2, 3, 4], [5], [0, 1, 2, 3, 4], [5], [0, 1, 2, 3, 4], [5], [0, 1, 2, 3, 4], [5], [0, 1, 2, 3, 4], [5], [0, 1, 2, 3, 4], [5], [0, 1, 2, 3, 4], [5], [0, 1, 2, 3, 4], [5], [5], [5], [5], [5]]
204;Lewes TC / Lewes-Ferry;[652456, 652558, 652468, 652570, 652455, 652557, 652467, 652569, 652454, 652556, 652466, 652568, 652453, 652555, 652465, 652567, 652452, 652554, 652464, 652566, 652451, 652553, 652463, 652565, 652450, 652552, 652462, 652564, 652551, 652449, 652461, 652563, 652550, 652448, 652460, 652562, 652549, 652447, 652459, 652561, 652446, 652548, 652458, 652560, 652445, 652547, 652457, 652559];[ 8:10,  8:10,  8:40,  8:40,  9:10,  9:10,  9:40,  9:40, 10:10, 10:10, 10:40, 10:40, 11:10, 11:10, 11:40, 11:40, 12:10, 12:10, 12:40, 12:40, 13:10, 13:10, 13:40, 13:40, 14:10, 14:10, 14:40, 14:40, 15:10, 15:15, 15:40, 15:40, 16:10, 16:15, 16:40, 16:40, 17:10, 17:15, 17:40, 17:40, 18:10, 18:10, 18:40, 18:40, 19:10, 19:10, 19:40, 19:40];[[0, 1, 2, 3, 4], [5], [0, 1, 2, 3, 4], [5], [0, 1, 2, 3, 4], [5], [0, 1, 2, 3, 4], [5], [0, 1, 2, 3, 4], [5], [0, 1, 2, 3, 4], [5], [0, 1, 2, 3, 4], [5], [0, 1, 2, 3, 4], [5], [0, 1, 2, 3, 4], [5], [0, 1, 2, 3, 4], [5], [0, 1, 2, 3, 4], [5], [0, 1, 2, 3, 4], [5], [0, 1, 2, 3, 4], [5], [0, 1, 2, 3, 4], [5], [5], [0, 1, 2, 3, 4], [0, 1, 2, 3, 4], [5], [5], [0, 1, 2, 3, 4], [0, 1, 2, 3, 4], [5], [5], [0, 1, 2, 3, 4], [0, 1, 2, 3, 4], [5], [0, 1, 2, 3, 4], [5], [0, 1, 2, 3, 4], [5], [0, 1, 2, 3, 4], [5], [0, 1, 2, 3, 4], [5]]
206;Georgetown / Lewes TC;[646477, 646501, 646495, 646480, 646513, 646476, 646502, 646489, 646474, 646488, 646514, 646503, 646491, 646482, 646515, 646496, 646504, 646516, 646478, 646505, 646481, 646492, 646517, 646486, 646490, 646506, 646518, 646500, 646473, 646507, 646479, 646494, 646519, 646487, 646475, 646508, 646483, 646493, 646512, 646497, 646509, 646520, 646484, 646510, 646498, 646521, 646485, 646511, 646499, 646522];[ 5:30,  6:05,  6:25,  6:55,  7:00,  7:25,  7:40,  8:02,  8:30,  8:35,  8:40,  9:20,  9:40,  9:45, 10:20, 10:45, 11:00, 11:40, 11:45, 12:40, 12:45, 12:45, 13:20, 13:45, 13:50, 14:10, 14:50, 14:55, 15:05, 15:55, 16:00, 16:10, 16:35, 17:07, 17:17, 17:35, 18:15, 18:17, 18:18, 19:10, 19:10, 19:50, 20:05, 20:40, 20:55, 21:20, 21:45, 22:10, 22:31, 22:50];[[0, 1, 2, 3, 4], [5], [0, 1, 2, 3, 4], [0, 1, 2, 3, 4], [5], [0, 1, 2, 3, 4], [5], [0, 1, 2, 3, 4], [0, 1, 2, 3, 4], [0, 1, 2, 3, 4], [5], [5], [0, 1, 2, 3, 4], [0, 1, 2, 3, 4], [5], [0, 1, 2, 3, 4], [5], [5], [0, 1, 2, 3, 4], [5], [0, 1, 2, 3, 4], [0, 1, 2, 3, 4], [5], [0, 1, 2, 3, 4], [0, 1, 2, 3, 4], [5], [5], [0, 1, 2, 3, 4], [0, 1, 2, 3, 4], [5], [0, 1, 2, 3, 4], [0, 1, 2, 3, 4], [5], [0, 1, 2, 3, 4], [0, 1, 2, 3, 4], [5], [0, 1, 2, 3, 4], [0, 1, 2, 3, 4], [5], [0, 1, 2, 3, 4], [5], [5], [0, 1, 2, 3, 4], [5], [0, 1, 2, 3, 4], [5], [0, 1, 2, 3, 4], [5], [0, 1, 2, 3, 4], [5]]
208;Lewes / Ocean City;[];[];[]
210;Milford;[651142, 651137, 651141, 651138, 651140, 651136, 651139, 651135, 651148, 651134, 651147, 651133, 651146, 651132, 651145, 651131, 651144, 651130, 651143];[ 6:00,  6:31,  7:15,  7:46,  8:30,  9:01,  9:45, 10:16, 11:00, 11:31, 12:15, 12:46, 13:30, 14:01, 14:45, 15:16, 16:00, 16:31, 17:15];[[0, 1, 2, 3, 4], [0, 1, 2, 3, 4], [0, 1, 2, 3, 4], [0, 1, 2, 3, 4], [0, 1, 2, 3, 4], [0, 1, 2, 3, 4], [0, 1, 2, 3, 4], [0, 1, 2, 3, 4], [0, 1, 2, 3, 4], [0, 1, 2, 3, 4], [0, 1, 2, 3, 4], [0, 1, 2, 3, 4], [0, 1, 2, 3, 4], [0, 1, 2, 3, 4], [0, 1, 2, 3, 4], [0, 1, 2, 3, 4], [0, 1, 2, 3, 4], [0, 1, 2, 3, 4], [0, 1, 2, 3, 4]]
212;Georgetown / Seaford / Laurel;[646607, 646615, 646638, 646602, 646614, 646622, 646631, 646613, 646601, 646628, 646619, 646600, 646612, 646623, 646629, 646611, 646606, 646632, 646620, 646618, 646599, 646624, 646633, 646605, 646617, 646625, 646634, 646610, 646598, 646621, 646630, 646597, 646609, 646635, 646626, 646608, 646604, 646627, 646616, 646603];[ 5:18,  5:23,  6:10,  6:50,  6:52,  7:40,  7:45,  8:20,  8:32,  9:12,  9:20,  9:55, 10:04, 11:00, 11:00, 11:30, 11:43, 12:35, 12:40, 13:15, 13:35, 14:15, 14:19, 14:55, 15:11, 15:55, 15:57, 16:35, 16:47, 17:35, 17:36, 18:15, 18:30, 19:09, 19:10, 19:50, 20:10, 20:40, 21:40, 21:45];[[0, 1, 2, 3, 4], [0, 1, 2, 3, 4], [5], [0, 1, 2, 3, 4], [0, 1, 2, 3, 4], [5], [5], [0, 1, 2, 3, 4], [0, 1, 2, 3, 4], [5], [5], [0, 1, 2, 3, 4], [0, 1, 2, 3, 4], [5], [5], [0, 1, 2, 3, 4], [0, 1, 2, 3, 4], [5], [5], [0, 1, 2, 3, 4], [0, 1, 2, 3, 4], [5], [5], [0, 1, 2, 3, 4], [0, 1, 2, 3, 4], [5], [5], [0, 1, 2, 3, 4], [0, 1, 2, 3, 4], [5], [5], [0, 1, 2, 3, 4], [0, 1, 2, 3, 4], [5], [5], [0, 1, 2, 3, 4], [0, 1, 2, 3, 4], [5], [0, 1, 2, 3, 4], [0, 1, 2, 3, 4]]
215;Millsboro / Rehoboth;[663977, 664004, 663976, 663990, 664003, 664017, 663999, 663972, 663989, 664016, 663998, 664011, 663971, 663984, 664002, 663975, 663982, 664009, 664015, 663988, 663974, 664001, 663987, 664014, 663973, 664000, 663970, 663997, 663986, 664013, 663968, 663995, 663983, 664010, 663996, 663969, 663981, 664008, 663994, 663967, 664012, 663985, 664005, 663978, 664018, 663991, 664019, 663992, 664006, 663979, 664020, 663993, 664007, 663980];[ 5:25,  5:25,  6:20,  6:20,  6:20,  6:25,  7:10,  7:15,  7:17,  7:20,  8:10,  8:12,  8:15,  8:17,  9:05,  9:10,  9:15,  9:15, 10:10, 10:13, 11:05, 11:05, 12:10, 12:10, 13:00, 13:00, 14:00, 14:00, 14:05, 14:05, 15:00, 15:00, 15:05, 15:05, 15:55, 16:00, 16:10, 16:10, 17:00, 17:05, 17:05, 17:15, 17:55, 18:10, 18:10, 18:15, 19:00, 19:15, 19:50, 20:05, 20:50, 21:05, 21:35, 21:55];[[0, 1, 2, 3, 4], [5], [0, 1, 2, 3, 4], [0, 1, 2, 3, 4], [5], [5], [5], [0, 1, 2, 3, 4], [0, 1, 2, 3, 4], [5], [5], [5], [0, 1, 2, 3, 4], [0, 1, 2, 3, 4], [5], [0, 1, 2, 3, 4], [0, 1, 2, 3, 4], [5], [5], [0, 1, 2, 3, 4], [0, 1, 2, 3, 4], [5], [0, 1, 2, 3, 4], [5], [0, 1, 2, 3, 4], [5], [0, 1, 2, 3, 4], [5], [0, 1, 2, 3, 4], [5], [0, 1, 2, 3, 4], [5], [0, 1, 2, 3, 4], [5], [5], [0, 1, 2, 3, 4], [0, 1, 2, 3, 4], [5], [5], [0, 1, 2, 3, 4], [5], [0, 1, 2, 3, 4], [5], [0, 1, 2, 3, 4], [5], [0, 1, 2, 3, 4], [5], [0, 1, 2, 3, 4], [5], [0, 1, 2, 3, 4], [5], [0, 1, 2, 3, 4], [5], [0, 1, 2, 3, 4]]
301;Intercounty Wilmington / Dover;[649554, 649556, 649555, 649557, 649541, 649572, 649577, 649558, 649584, 649573, 649542, 649543, 649559, 649544, 649583, 649578, 649545, 649560, 649561, 649546, 649576, 649582, 649552, 649553, 649569, 649581, 649575, 649570, 649547, 649562, 649574, 649563, 649587, 649548, 649564, 649565, 649580, 649549, 649551, 649550, 649566, 649538, 649579, 649568, 649539, 649571, 649586, 649567, 649540, 649585];[ 4:05,  4:40,  4:45,  5:05,  5:30,  5:40,  5:50,  6:00,  6:00,  6:20,  6:25,  7:10,  7:20,  7:40,  7:45,  7:55,  8:05,  8:15,  9:25,  9:30,  9:50,  9:55, 10:30, 11:15, 11:20, 11:50, 12:00, 13:05, 13:20, 13:25, 13:50, 14:32, 14:45, 15:15, 15:20, 16:05, 16:05, 16:10, 16:35, 16:45, 17:20, 17:40, 18:10, 18:13, 18:30, 18:35, 18:53, 19:35, 19:40, 19:59];[[0, 1, 2, 3, 4], [0, 1, 2, 3, 4], [0, 1, 2, 3, 4], [0, 1, 2, 3, 4], [0, 1, 2, 3, 4], [0, 1, 2, 3, 4], [5], [0, 1, 2, 3, 4], [5], [0, 1, 2, 3, 4], [0, 1, 2, 3, 4], [0, 1, 2, 3, 4], [0, 1, 2, 3, 4], [0, 1, 2, 3, 4], [5], [5], [0, 1, 2, 3, 4], [0, 1, 2, 3, 4], [0, 1, 2, 3, 4], [0, 1, 2, 3, 4], [5], [5], [0, 1, 2, 3, 4], [0, 1, 2, 3, 4], [0, 1, 2, 3, 4], [5], [5], [0, 1, 2, 3, 4], [0, 1, 2, 3, 4], [0, 1, 2, 3, 4], [5], [0, 1, 2, 3, 4], [5], [0, 1, 2, 3, 4], [0, 1, 2, 3, 4], [0, 1, 2, 3, 4], [5], [0, 1, 2, 3, 4], [0, 1, 2, 3, 4], [0, 1, 2, 3, 4], [0, 1, 2, 3, 4], [0, 1, 2, 3, 4], [5], [0, 1, 2, 3, 4], [0, 1, 2, 3, 4], [0, 1, 2, 3, 4], [5], [0, 1, 2, 3, 4], [0, 1, 2, 3, 4], [5]]
302;Intercounty Dover / Middletown;[651154, 651180, 651153, 651179, 651169, 651150, 651184, 651168, 651149, 651165, 651181, 651155, 651164, 651151, 651185, 651167, 651152, 651166, 651182, 651156, 651170, 651157, 651186, 651171, 651158, 651172, 651183, 651159, 651173, 651160, 651187, 651174, 651161, 651175, 651162, 651176, 651163, 651177, 651178];[ 5:40,  6:20,  6:30,  6:39,  6:55,  7:20,  7:35,  7:55,  8:30,  8:45,  9:00,  9:10,  9:50, 10:10, 10:15, 10:35, 11:20, 11:35, 11:45, 12:15, 12:45, 13:05, 13:15, 13:45, 14:05, 14:30, 14:50, 15:05, 15:35, 16:00, 16:20, 16:40, 17:20, 17:35, 18:30, 18:50, 19:20, 19:50, 20:35];[[0, 1, 2, 3, 4], [5], [0, 1, 2, 3, 4], [0, 1, 2, 3, 4], [0, 1, 2, 3, 4], [0, 1, 2, 3, 4], [5], [0, 1, 2, 3, 4], [0, 1, 2, 3, 4], [0, 1, 2, 3, 4], [5], [0, 1, 2, 3, 4], [0, 1, 2, 3, 4], [0, 1, 2, 3, 4], [5], [0, 1, 2, 3, 4], [0, 1, 2, 3, 4], [0, 1, 2, 3, 4], [5], [0, 1, 2, 3, 4], [0, 1, 2, 3, 4], [0, 1, 2, 3, 4], [5], [0, 1, 2, 3, 4], [0, 1, 2, 3, 4], [0, 1, 2, 3, 4], [5], [0, 1, 2, 3, 4], [0, 1, 2, 3, 4], [0, 1, 2, 3, 4], [5], [0, 1, 2, 3, 4], [0, 1, 2, 3, 4], [0, 1, 2, 3, 4], [0, 1, 2, 3, 4], [0, 1, 2, 3, 4], [0, 1, 2, 3, 4], [0, 1, 2, 3, 4], [0, 1, 2, 3, 4]]
303;Intercounty Dover / Milford / Georgetown;[646698, 646687, 646696, 646692, 646685, 646681, 646695, 646693, 646686, 646699, 646684, 646700, 646683, 646701, 646682, 646694, 646688, 646697, 646689, 646702, 646690, 646691];[ 4:35,  5:50,  6:00,  7:40,  8:05,  9:45, 10:05, 10:45, 12:05, 12:30, 12:45, 13:45, 14:30, 15:05, 16:00, 16:35, 17:10, 18:05, 18:45, 19:15, 20:00, 21:15];[[0, 1, 2, 3, 4], [0, 1, 2, 3, 4], [0, 1, 2, 3, 4], [0, 1, 2, 3, 4], [0, 1, 2, 3, 4], [0, 1, 2, 3, 4], [0, 1, 2, 3, 4], [0, 1, 2, 3, 4], [0, 1, 2, 3, 4], [0, 1, 2, 3, 4], [0, 1, 2, 3, 4], [0, 1, 2, 3, 4], [0, 1, 2, 3, 4], [0, 1, 2, 3, 4], [0, 1, 2, 3, 4], [0, 1, 2, 3, 4], [0, 1, 2, 3, 4], [0, 1, 2, 3, 4], [0, 1, 2, 3, 4], [0, 1, 2, 3, 4], [0, 1, 2, 3, 4], [0, 1, 2, 3, 4]]
305;Intercounty Wilmington / Lewes;[];[];[]
307;Intercounty Lewes TC / Dover;[651195, 651190, 651196, 651191, 651198, 651192, 651197, 651188, 651194, 651189, 651199, 651193];[ 5:40,  6:50,  8:10,  9:35, 11:00, 12:15, 13:20, 14:40, 16:05, 17:20, 18:45, 20:00];[[0, 1, 2, 3, 4], [0, 1, 2, 3, 4], [0, 1, 2, 3, 4], [0, 1, 2, 3, 4], [0, 1, 2, 3, 4], [0, 1, 2, 3, 4], [0, 1, 2, 3, 4], [0, 1, 2, 3, 4], [0, 1, 2, 3, 4], [0, 1, 2, 3, 4], [0, 1, 2, 3, 4], [0, 1, 2, 3, 4]]
903;Seaford Flex;[650632, 650645, 650631, 650644, 650630, 650643, 650629, 650642, 650628, 650641, 650627, 650640, 650626, 650639, 650625, 650638, 650624, 650637, 650623, 650636, 650622, 650635, 650621, 650634, 650620, 650633];[ 6:30,  6:48,  7:30,  7:48,  8:30,  8:48,  9:30,  9:48, 10:30, 10:48, 11:30, 11:48, 12:30, 12:48, 13:30, 13:48, 14:30, 14:48, 15:30, 15:48, 16:30, 16:48, 17:30, 17:48, 18:30, 18:48];[[0, 1, 2, 3, 4], [0, 1, 2, 3, 4], [0, 1, 2, 3, 4], [0, 1, 2, 3, 4], [0, 1, 2, 3, 4], [0, 1, 2, 3, 4], [0, 1, 2, 3, 4], [0, 1, 2, 3, 4], [0, 1, 2, 3, 4], [0, 1, 2, 3, 4], [0, 1, 2, 3, 4], [0, 1, 2, 3, 4], [0, 1, 2, 3, 4], [0, 1, 2, 3, 4], [0, 1, 2, 3, 4], [0, 1, 2, 3, 4], [0, 1, 2, 3, 4], [0, 1, 2, 3, 4], [0, 1, 2, 3, 4], [0, 1, 2, 3, 4], [0, 1, 2, 3, 4], [0, 1, 2, 3, 4], [0, 1, 2, 3, 4], [0, 1, 2, 3, 4], [0, 1, 2, 3, 4], [0, 1, 2, 3, 4]]
