0;ESSEX CROSSTOWN / ESSEX PLAZA;[6150998, 6150995, 6150980, 6150972, 6150981, 6150985, 6150971, 6150984, 6150982, 6150986, 6151002, 6150569, 6151069, 6149896, 6151000, 6150987, 6151003, 6150983, 6151070, 6149897, 6151001, 6150973, 6151004, 6150570, 6151071, 6151015, 6150994, 6150988, 6151005, 6149642, 6149898, 6151016, 6150999, 6150993, 6151006, 6151014, 6149899, 6151017, 6150989, 6150974, 6151007, 6150997, 6149900, 6151018, 6150990, 6150481, 6151008, 6149643, 6149901, 6149537, 6150991, 6150996, 6151009, 6151011, 6149902, 6149538, 6150976, 6150978, 6151010, 6151012, 6149903, 6149539, 6150992, 6149640, 6150568, 6151013, 6150977, 6150979, 6150975, 6149641];[05:45, 05:45, 06:45, 06:45, 07:45, 07:45, 07:45, 07:45, 08:45, 08:45, 08:45, 08:45, 09:15, 09:15, 09:45, 09:45, 09:45, 09:45, 10:15, 10:15, 10:45, 10:45, 10:45, 10:45, 11:15, 11:15, 11:45, 11:45, 11:45, 11:45, 12:15, 12:15, 12:45, 12:45, 12:45, 12:45, 13:15, 13:15, 13:45, 13:45, 13:45, 13:45, 14:15, 14:15, 14:45, 14:45, 14:45, 14:45, 15:15, 15:15, 15:45, 15:45, 15:45, 15:45, 16:15, 16:15, 16:45, 16:45, 16:45, 16:45, 17:15, 17:15, 17:45, 17:45, 17:45, 17:45, 18:45, 18:45, 18:45, 19:45];[[0, 1, 2, 3, 4], [0, 1, 2, 3, 4], [0, 1, 2, 3, 4], [0, 1, 2, 3, 4], [0, 1, 2, 3, 4], [0, 1, 2, 3, 4], [5], [5], [0, 1, 2, 3, 4], [0, 1, 2, 3, 4], [5], [5], [0, 1, 2, 3, 4], [0, 1, 2, 3, 4], [0, 1, 2, 3, 4], [0, 1, 2, 3, 4], [5], [5], [0, 1, 2, 3, 4], [0, 1, 2, 3, 4], [0, 1, 2, 3, 4], [0, 1, 2, 3, 4], [5], [5], [0, 1, 2, 3, 4], [0, 1, 2, 3, 4], [0, 1, 2, 3, 4], [0, 1, 2, 3, 4], [5], [5], [0, 1, 2, 3, 4], [0, 1, 2, 3, 4], [0, 1, 2, 3, 4], [0, 1, 2, 3, 4], [5], [5], [0, 1, 2, 3, 4], [0, 1, 2, 3, 4], [0, 1, 2, 3, 4], [0, 1, 2, 3, 4], [5], [5], [0, 1, 2, 3, 4], [0, 1, 2, 3, 4], [0, 1, 2, 3, 4], [0, 1, 2, 3, 4], [5], [5], [0, 1, 2, 3, 4], [0, 1, 2, 3, 4], [0, 1, 2, 3, 4], [0, 1, 2, 3, 4], [5], [5], [0, 1, 2, 3, 4], [0, 1, 2, 3, 4], [0, 1, 2, 3, 4], [0, 1, 2, 3, 4], [5], [5], [0, 1, 2, 3, 4], [0, 1, 2, 3, 4], [0, 1, 2, 3, 4], [0, 1, 2, 3, 4], [5], [5], [0, 1, 2, 3, 4], [0, 1, 2, 3, 4], [5], [0, 1, 2, 3, 4]]
1;LAWRENCE-HAVERHILL VIA THE LOOP;[6150728, 6149414, 6149663, 6150520, 6149753, 6150123, 6149413, 6150863, 6149662, 6150842, 6150390, 6150388, 6149697, 6150584, 6150779, 6150109, 6150387, 6150389, 6150034, 6149395, 6149388, 6149876, 6149765, 6149396, 6149419, 6150803, 6149658, 6150518, 6150800, 6149397, 6150189, 6149398, 6150320, 6150181, 6150667, 6149779, 6150367, 6149426, 6150322, 6150182, 6149997, 6149458, 6150321, 6149783, 6149998, 6149784, 6150415, 6150859, 6150405, 6149610, 6149481, 6149785, 6150554, 6149683, 6149762, 6149668, 6150676, 6149786, 6149570, 6150649, 6149698, 6150221, 6150323, 6149787, 6150731, 6149680, 6149763, 6149788, 6150677, 6149789, 6149450, 6149725, 6150169, 6150860, 6149602, 6149790, 6150730, 6149681, 6149764, 6149791, 6150180, 6149792, 6149798, 6150251, 6150909, 6150515, 6149567, 6149707, 6150392, 6149679, 6150678, 6149708, 6149568, 6149709, 6150183, 6150743, 6149699, 6150366, 6149705, 6149710, 6149631, 6149682, 6149569, 6149711, 6149706, 6149666, 6150408, 6150223, 6149799, 6149740, 6150315, 6149667, 6150371, 6150373, 6149394, 6150634, 6150314, 6149581, 6150547, 6149778, 6150614, 6150772, 6150113, 6149795, 6150372, 6150374, 6150799, 6150234, 6150391, 6149717, 6150635, 6150848, 6150864, 6150122, 6150510, 6149718, 6150228, 6150688, 6149418, 6150353];[05:00, 05:00, 05:30, 05:30, 06:00, 06:00, 06:30, 06:30, 07:00, 07:00, 07:00, 07:00, 07:30, 07:30, 08:00, 08:00, 08:00, 08:00, 08:20, 08:20, 08:40, 08:40, 09:00, 09:00, 09:00, 09:00, 09:00, 09:00, 09:20, 09:20, 09:40, 09:40, 10:00, 10:00, 10:00, 10:00, 10:00, 10:00, 10:20, 10:20, 10:30, 10:30, 10:40, 10:40, 11:00, 11:00, 11:00, 11:00, 11:00, 11:00, 11:20, 11:20, 11:30, 11:30, 11:40, 11:40, 12:00, 12:00, 12:00, 12:00, 12:00, 12:00, 12:20, 12:20, 12:30, 12:30, 12:40, 12:40, 13:00, 13:00, 13:00, 13:00, 13:00, 13:00, 13:20, 13:20, 13:30, 13:30, 13:40, 13:40, 14:00, 14:00, 14:00, 14:00, 14:00, 14:00, 14:20, 14:20, 14:30, 14:30, 14:40, 14:40, 15:00, 15:00, 15:00, 15:00, 15:00, 15:00, 15:20, 15:20, 15:30, 15:30, 15:40, 15:40, 16:00, 16:00, 16:00, 16:00, 16:00, 16:00, 16:20, 16:20, 16:30, 16:30, 16:40, 16:40, 17:00, 17:00, 17:00, 17:00, 17:00, 17:00, 17:30, 17:30, 17:30, 17:30, 18:00, 18:00, 18:00, 18:00, 18:30, 18:30, 19:00, 19:00, 19:00, 19:00, 20:00, 20:00, 21:00, 21:00];[[0, 1, 2, 3, 4], [0, 1, 2, 3, 4], [0, 1, 2, 3, 4], [0, 1, 2, 3, 4], [0, 1, 2, 3, 4], [0, 1, 2, 3, 4], [0, 1, 2, 3, 4], [0, 1, 2, 3, 4], [0, 1, 2, 3, 4], [0, 1, 2, 3, 4], [5], [5], [0, 1, 2, 3, 4], [0, 1, 2, 3, 4], [0, 1, 2, 3, 4], [0, 1, 2, 3, 4], [5], [5], [0, 1, 2, 3, 4], [0, 1, 2, 3, 4], [0, 1, 2, 3, 4], [0, 1, 2, 3, 4], [0, 1, 2, 3, 4], [0, 1, 2, 3, 4], [5], [5], [6], [6], [0, 1, 2, 3, 4], [0, 1, 2, 3, 4], [0, 1, 2, 3, 4], [0, 1, 2, 3, 4], [0, 1, 2, 3, 4], [0, 1, 2, 3, 4], [5], [5], [6], [6], [0, 1, 2, 3, 4], [0, 1, 2, 3, 4], [5], [5], [0, 1, 2, 3, 4], [0, 1, 2, 3, 4], [0, 1, 2, 3, 4], [0, 1, 2, 3, 4], [5], [5], [6], [6], [0, 1, 2, 3, 4], [0, 1, 2, 3, 4], [5], [5], [0, 1, 2, 3, 4], [0, 1, 2, 3, 4], [0, 1, 2, 3, 4], [0, 1, 2, 3, 4], [5], [5], [6], [6], [0, 1, 2, 3, 4], [0, 1, 2, 3, 4], [5], [5], [0, 1, 2, 3, 4], [0, 1, 2, 3, 4], [0, 1, 2, 3, 4], [0, 1, 2, 3, 4], [5], [5], [6], [6], [0, 1, 2, 3, 4], [0, 1, 2, 3, 4], [5], [5], [0, 1, 2, 3, 4], [0, 1, 2, 3, 4], [0, 1, 2, 3, 4], [0, 1, 2, 3, 4], [5], [5], [6], [6], [0, 1, 2, 3, 4], [0, 1, 2, 3, 4], [5], [5], [0, 1, 2, 3, 4], [0, 1, 2, 3, 4], [0, 1, 2, 3, 4], [0, 1, 2, 3, 4], [5], [5], [6], [6], [0, 1, 2, 3, 4], [0, 1, 2, 3, 4], [5], [5], [0, 1, 2, 3, 4], [0, 1, 2, 3, 4], [0, 1, 2, 3, 4], [0, 1, 2, 3, 4], [5], [5], [6], [6], [0, 1, 2, 3, 4], [0, 1, 2, 3, 4], [5], [5], [0, 1, 2, 3, 4], [0, 1, 2, 3, 4], [0, 1, 2, 3, 4], [0, 1, 2, 3, 4], [5], [5], [6], [6], [0, 1, 2, 3, 4], [0, 1, 2, 3, 4], [5], [5], [0, 1, 2, 3, 4], [0, 1, 2, 3, 4], [5], [5], [0, 1, 2, 3, 4], [0, 1, 2, 3, 4], [0, 1, 2, 3, 4], [0, 1, 2, 3, 4], [5], [5], [0, 1, 2, 3, 4], [0, 1, 2, 3, 4], [0, 1, 2, 3, 4], [0, 1, 2, 3, 4]]
10;VILLAGE MALL VIA BROADWAY;[6150815, 6149685, 6150837, 6149483, 6149759, 6150523, 6150095, 6150767, 6150768, 6149572, 6150416, 6150127, 6150785, 6149484, 6149857, 6149407, 6150947, 6150844, 6149675, 6149672, 6150538, 6149858, 6150173, 6150736, 6150040, 6150501, 6149674, 6149859, 6150041, 6150105, 6150174, 6150735, 6149665, 6150042, 6149429, 6150766, 6150103, 6149856, 6150636, 6149579, 6150339, 6150208, 6150101, 6149860, 6149360, 6150186, 6150525, 6150097, 6150338, 6149467, 6150347, 6149677, 6150786, 6149782, 6150106, 6150099, 6150556, 6149623, 6149608, 6150661, 6149358, 6149767, 6150737, 6150098, 6149334, 6149768, 6149620, 6150021, 6150770, 6149583, 6150102, 6150100, 6149333, 6150175, 6150348, 6150606, 6149359, 6150204, 6150022, 6150638, 6149664, 6150205, 6150617, 6150023, 6149730, 6150254, 6149766, 6150607, 6150530, 6150176, 6150386, 6149760, 6150769, 6150020, 6150948, 6149877, 6150618, 6150632, 6150619, 6150662, 6150524, 6150019];[05:15, 05:45, 05:50, 06:15, 06:20, 06:45, 06:45, 06:50, 07:15, 07:20, 07:20, 07:45, 07:45, 07:50, 08:15, 08:20, 08:20, 08:45, 08:45, 08:50, 09:00, 09:15, 09:20, 09:20, 09:30, 09:45, 09:45, 09:50, 10:00, 10:15, 10:20, 10:20, 10:30, 10:45, 10:45, 10:50, 11:00, 11:15, 11:20, 11:20, 11:30, 11:45, 11:45, 11:50, 12:00, 12:15, 12:20, 12:20, 12:30, 12:45, 12:45, 12:50, 13:00, 13:15, 13:20, 13:20, 13:30, 13:45, 13:45, 13:50, 14:00, 14:15, 14:20, 14:20, 14:30, 14:45, 14:45, 14:50, 15:00, 15:15, 15:20, 15:20, 15:30, 15:45, 15:45, 15:50, 16:00, 16:15, 16:20, 16:20, 16:30, 16:45, 16:45, 16:50, 17:00, 17:15, 17:20, 17:20, 17:30, 17:45, 17:45, 17:50, 18:15, 18:20, 18:20, 18:50, 19:00, 19:35, 20:00, 20:35, 21:00, 21:35];[[0, 1, 2, 3, 4], [0, 1, 2, 3, 4], [0, 1, 2, 3, 4], [0, 1, 2, 3, 4], [0, 1, 2, 3, 4], [0, 1, 2, 3, 4], [5], [0, 1, 2, 3, 4], [0, 1, 2, 3, 4], [0, 1, 2, 3, 4], [5], [0, 1, 2, 3, 4], [5], [0, 1, 2, 3, 4], [0, 1, 2, 3, 4], [0, 1, 2, 3, 4], [5], [0, 1, 2, 3, 4], [5], [0, 1, 2, 3, 4], [6], [0, 1, 2, 3, 4], [0, 1, 2, 3, 4], [5], [6], [0, 1, 2, 3, 4], [5], [0, 1, 2, 3, 4], [6], [0, 1, 2, 3, 4], [0, 1, 2, 3, 4], [5], [6], [0, 1, 2, 3, 4], [5], [0, 1, 2, 3, 4], [6], [0, 1, 2, 3, 4], [0, 1, 2, 3, 4], [5], [6], [0, 1, 2, 3, 4], [5], [0, 1, 2, 3, 4], [6], [0, 1, 2, 3, 4], [0, 1, 2, 3, 4], [5], [6], [0, 1, 2, 3, 4], [5], [0, 1, 2, 3, 4], [6], [0, 1, 2, 3, 4], [0, 1, 2, 3, 4], [5], [6], [0, 1, 2, 3, 4], [5], [0, 1, 2, 3, 4], [6], [0, 1, 2, 3, 4], [0, 1, 2, 3, 4], [5], [6], [0, 1, 2, 3, 4], [5], [0, 1, 2, 3, 4], [6], [0, 1, 2, 3, 4], [0, 1, 2, 3, 4], [5], [6], [0, 1, 2, 3, 4], [5], [0, 1, 2, 3, 4], [6], [0, 1, 2, 3, 4], [0, 1, 2, 3, 4], [5], [6], [0, 1, 2, 3, 4], [5], [0, 1, 2, 3, 4], [6], [0, 1, 2, 3, 4], [0, 1, 2, 3, 4], [5], [6], [0, 1, 2, 3, 4], [5], [0, 1, 2, 3, 4], [0, 1, 2, 3, 4], [0, 1, 2, 3, 4], [5], [0, 1, 2, 3, 4], [0, 1, 2, 3, 4], [0, 1, 2, 3, 4], [0, 1, 2, 3, 4], [0, 1, 2, 3, 4], [0, 1, 2, 3, 4], [0, 1, 2, 3, 4]]
11;LAWRENCE-HAVERHILL-NEWBURYPORT LIMITED;[6149980, 6152623, 6150949, 6149417, 6150950, 6150199, 6149505, 6150200, 6150396, 6150912, 6149441, 6150198, 6150397, 6150238, 6149506, 6150237, 6150940, 6150239, 6150664, 6152622];[05:45, 05:50, 06:45, 06:45, 07:45, 07:45, 08:45, 08:45, 09:45, 14:35, 15:15, 15:35, 16:15, 16:15, 17:15, 17:15, 18:15, 18:15, 19:35, 19:50];[[0, 1, 2, 3, 4], [0, 1, 2, 3, 4], [0, 1, 2, 3, 4], [0, 1, 2, 3, 4], [0, 1, 2, 3, 4], [0, 1, 2, 3, 4], [0, 1, 2, 3, 4], [0, 1, 2, 3, 4], [0, 1, 2, 3, 4], [0, 1, 2, 3, 4], [0, 1, 2, 3, 4], [0, 1, 2, 3, 4], [0, 1, 2, 3, 4], [0, 1, 2, 3, 4], [0, 1, 2, 3, 4], [0, 1, 2, 3, 4], [0, 1, 2, 3, 4], [0, 1, 2, 3, 4], [0, 1, 2, 3, 4], [0, 1, 2, 3, 4]]
12;LAWRENCE CROSSTOWN;[6150482, 6151025, 6150487, 6151022, 6150488, 6149905, 6151023, 6149907, 6151049, 6149906, 6149910, 6151024, 6149908, 6149904, 6149646, 6149919, 6149911, 6151046, 6149909, 6151033, 6149647, 6149920, 6149912, 6151047, 6151042, 6151034, 6150489, 6149921, 6149913, 6150486, 6151043, 6151032, 6150490, 6151072, 6149914, 6151019, 6151027, 6150483, 6151041, 6151073, 6149915, 6151035, 6151028, 6150484, 6149645, 6149540, 6149916, 6151036, 6151029, 6150485, 6149648, 6149541, 6149917, 6151037, 6151030, 6151020, 6149649, 6149966, 6149918, 6151038, 6151031, 6151021, 6151040, 6151074, 6151039, 6151044, 6151048, 6151045, 6151026, 6149644];[05:15, 06:00, 06:15, 07:00, 07:15, 07:15, 08:00, 08:00, 08:15, 08:15, 08:45, 09:00, 09:00, 09:15, 09:15, 09:30, 09:45, 10:00, 10:00, 10:15, 10:15, 10:30, 10:45, 11:00, 11:00, 11:15, 11:15, 11:30, 11:45, 12:00, 12:00, 12:15, 12:15, 12:30, 12:45, 13:00, 13:00, 13:15, 13:15, 13:30, 13:45, 14:00, 14:00, 14:15, 14:15, 14:30, 14:45, 15:00, 15:00, 15:15, 15:15, 15:30, 15:45, 16:00, 16:00, 16:15, 16:15, 16:30, 16:45, 17:00, 17:00, 17:15, 17:15, 17:30, 18:00, 18:00, 18:15, 18:15, 19:00, 19:15];[[0, 1, 2, 3, 4], [0, 1, 2, 3, 4], [0, 1, 2, 3, 4], [0, 1, 2, 3, 4], [0, 1, 2, 3, 4], [5], [0, 1, 2, 3, 4], [5], [0, 1, 2, 3, 4], [5], [0, 1, 2, 3, 4], [0, 1, 2, 3, 4], [5], [0, 1, 2, 3, 4], [5], [0, 1, 2, 3, 4], [0, 1, 2, 3, 4], [0, 1, 2, 3, 4], [5], [0, 1, 2, 3, 4], [5], [0, 1, 2, 3, 4], [0, 1, 2, 3, 4], [0, 1, 2, 3, 4], [5], [0, 1, 2, 3, 4], [5], [0, 1, 2, 3, 4], [0, 1, 2, 3, 4], [0, 1, 2, 3, 4], [5], [0, 1, 2, 3, 4], [5], [0, 1, 2, 3, 4], [0, 1, 2, 3, 4], [0, 1, 2, 3, 4], [5], [0, 1, 2, 3, 4], [5], [0, 1, 2, 3, 4], [0, 1, 2, 3, 4], [0, 1, 2, 3, 4], [5], [0, 1, 2, 3, 4], [5], [0, 1, 2, 3, 4], [0, 1, 2, 3, 4], [0, 1, 2, 3, 4], [5], [0, 1, 2, 3, 4], [5], [0, 1, 2, 3, 4], [0, 1, 2, 3, 4], [0, 1, 2, 3, 4], [5], [0, 1, 2, 3, 4], [5], [0, 1, 2, 3, 4], [0, 1, 2, 3, 4], [0, 1, 2, 3, 4], [5], [0, 1, 2, 3, 4], [5], [0, 1, 2, 3, 4], [0, 1, 2, 3, 4], [5], [0, 1, 2, 3, 4], [5], [0, 1, 2, 3, 4], [0, 1, 2, 3, 4]]
13;STATELINE PLAZA/PLAISTOW;[6150364, 6150657, 6150699, 6150709, 6149356, 6149585, 6149346, 6150675, 6150706, 6150927, 6149347, 6150797, 6150220, 6150930, 6150861, 6150279, 6150652, 6150672, 6149530, 6150714, 6149421, 6150585, 6150705, 6149752, 6150168, 6150928, 6149529, 6150713, 6149410, 6149873, 6149749, 6150280, 6150653, 6150673, 6150711, 6150587, 6150747, 6150813, 6149521, 6149409, 6150655, 6150931, 6149439, 6149531, 6149343, 6150286, 6150365, 6149345, 6150690, 6150135, 6149528, 6150079, 6150517, 6150282, 6150704, 6150278, 6150651, 6149878, 6150078, 6149532, 6150598, 6150283, 6150062, 6150281, 6150654, 6149874, 6150674, 6150080, 6150527, 6150284, 6149879, 6150926, 6150548, 6150134, 6150710, 6150715, 6150026, 6150285, 6150583, 6150025, 6150650, 6150929, 6150712, 6150586, 6150077, 6150814, 6149751, 6149344, 6150708, 6150798, 6150707, 6149875, 6149750, 6150932, 6149342, 6150933];[05:00, 05:20, 06:00, 06:20, 07:00, 07:00, 07:20, 07:20, 08:00, 08:00, 08:20, 08:20, 08:30, 08:50, 09:00, 09:00, 09:00, 09:20, 09:20, 09:20, 09:30, 09:50, 10:00, 10:00, 10:00, 10:20, 10:20, 10:20, 10:30, 10:50, 11:00, 11:00, 11:00, 11:20, 11:20, 11:20, 11:30, 11:50, 12:00, 12:00, 12:00, 12:20, 12:20, 12:20, 12:30, 12:50, 13:00, 13:00, 13:00, 13:20, 13:20, 13:20, 13:30, 13:50, 14:00, 14:00, 14:00, 14:20, 14:20, 14:20, 14:30, 14:50, 15:00, 15:00, 15:00, 15:20, 15:20, 15:20, 15:30, 15:50, 16:00, 16:00, 16:00, 16:20, 16:20, 16:20, 16:30, 16:50, 17:00, 17:00, 17:00, 17:20, 17:20, 17:20, 17:30, 17:50, 18:00, 18:00, 18:20, 18:20, 19:00, 19:20, 20:00, 20:20, 21:00, 21:20];[[0, 1, 2, 3, 4], [0, 1, 2, 3, 4], [0, 1, 2, 3, 4], [0, 1, 2, 3, 4], [0, 1, 2, 3, 4], [5], [0, 1, 2, 3, 4], [5], [0, 1, 2, 3, 4], [5], [0, 1, 2, 3, 4], [5], [0, 1, 2, 3, 4], [0, 1, 2, 3, 4], [0, 1, 2, 3, 4], [5], [6], [0, 1, 2, 3, 4], [5], [6], [0, 1, 2, 3, 4], [0, 1, 2, 3, 4], [0, 1, 2, 3, 4], [5], [6], [0, 1, 2, 3, 4], [5], [6], [0, 1, 2, 3, 4], [0, 1, 2, 3, 4], [0, 1, 2, 3, 4], [5], [6], [0, 1, 2, 3, 4], [5], [6], [0, 1, 2, 3, 4], [0, 1, 2, 3, 4], [0, 1, 2, 3, 4], [5], [6], [0, 1, 2, 3, 4], [5], [6], [0, 1, 2, 3, 4], [0, 1, 2, 3, 4], [0, 1, 2, 3, 4], [5], [6], [0, 1, 2, 3, 4], [5], [6], [0, 1, 2, 3, 4], [0, 1, 2, 3, 4], [0, 1, 2, 3, 4], [5], [6], [0, 1, 2, 3, 4], [5], [6], [0, 1, 2, 3, 4], [0, 1, 2, 3, 4], [0, 1, 2, 3, 4], [5], [6], [0, 1, 2, 3, 4], [5], [6], [0, 1, 2, 3, 4], [0, 1, 2, 3, 4], [0, 1, 2, 3, 4], [5], [6], [0, 1, 2, 3, 4], [5], [6], [0, 1, 2, 3, 4], [0, 1, 2, 3, 4], [0, 1, 2, 3, 4], [5], [6], [0, 1, 2, 3, 4], [5], [6], [0, 1, 2, 3, 4], [0, 1, 2, 3, 4], [0, 1, 2, 3, 4], [5], [0, 1, 2, 3, 4], [5], [0, 1, 2, 3, 4], [0, 1, 2, 3, 4], [0, 1, 2, 3, 4], [0, 1, 2, 3, 4], [0, 1, 2, 3, 4], [0, 1, 2, 3, 4]]
14;LAWRENCE-HAVERHILL VIA AMAZON/WARD HILL;[6150919, 6150167, 6150951, 6150918, 6149745, 6149499, 6150252, 6150375, 6150817, 6150920, 6149576, 6150721, 6149507, 6150376, 6150816, 6150829, 6149746, 6150850, 6150810, 6150703, 6150718, 6150830, 6149747, 6150369, 6149887, 6149500, 6150663, 6150831, 6150935, 6150292, 6150811, 6149501, 6149331, 6150420, 6149748, 6149992, 6149564, 6150277, 6150719, 6150500, 6149526, 6150722, 6150934, 6150499, 6149437, 6150421, 6149525, 6150720, 6150828, 6150924, 6150399, 6149489, 6149523, 6150723, 6149445, 6150925, 6150633, 6149490, 6149851, 6149438, 6149974, 6150427, 6150716, 6149427, 6150426, 6149533, 6149975, 6150559, 6150717, 6150917, 6150428, 6150368, 6149976, 6150378, 6150377, 6149428, 6149524, 6149969, 6152624];[05:30, 06:00, 06:00, 06:30, 06:30, 07:00, 07:00, 07:00, 07:00, 07:30, 07:30, 08:00, 08:00, 08:00, 08:00, 08:30, 08:30, 09:00, 09:00, 09:00, 09:00, 09:30, 09:30, 10:00, 10:00, 10:00, 10:00, 10:30, 10:30, 11:00, 11:00, 11:00, 11:00, 11:30, 11:30, 12:00, 12:00, 12:00, 12:00, 12:30, 12:30, 13:00, 13:00, 13:00, 13:00, 13:30, 13:30, 14:00, 14:00, 14:00, 14:00, 14:30, 14:30, 15:00, 15:00, 15:00, 15:00, 15:30, 15:30, 16:00, 16:00, 16:00, 16:00, 16:30, 16:30, 17:00, 17:00, 17:00, 17:00, 17:30, 17:30, 18:00, 18:00, 18:00, 18:00, 18:30, 18:30, 19:00, 19:00];[[0, 1, 2, 3, 4], [0, 1, 2, 3, 4], [0, 1, 2, 3, 4], [0, 1, 2, 3, 4], [0, 1, 2, 3, 4], [0, 1, 2, 3, 4], [0, 1, 2, 3, 4], [5], [5], [0, 1, 2, 3, 4], [0, 1, 2, 3, 4], [0, 1, 2, 3, 4], [0, 1, 2, 3, 4], [5], [5], [0, 1, 2, 3, 4], [0, 1, 2, 3, 4], [0, 1, 2, 3, 4], [0, 1, 2, 3, 4], [5], [5], [0, 1, 2, 3, 4], [0, 1, 2, 3, 4], [0, 1, 2, 3, 4], [0, 1, 2, 3, 4], [5], [5], [0, 1, 2, 3, 4], [0, 1, 2, 3, 4], [0, 1, 2, 3, 4], [0, 1, 2, 3, 4], [5], [5], [0, 1, 2, 3, 4], [0, 1, 2, 3, 4], [0, 1, 2, 3, 4], [0, 1, 2, 3, 4], [5], [5], [0, 1, 2, 3, 4], [0, 1, 2, 3, 4], [0, 1, 2, 3, 4], [0, 1, 2, 3, 4], [5], [5], [0, 1, 2, 3, 4], [0, 1, 2, 3, 4], [0, 1, 2, 3, 4], [0, 1, 2, 3, 4], [5], [5], [0, 1, 2, 3, 4], [0, 1, 2, 3, 4], [0, 1, 2, 3, 4], [0, 1, 2, 3, 4], [5], [5], [0, 1, 2, 3, 4], [0, 1, 2, 3, 4], [0, 1, 2, 3, 4], [0, 1, 2, 3, 4], [5], [5], [0, 1, 2, 3, 4], [0, 1, 2, 3, 4], [0, 1, 2, 3, 4], [0, 1, 2, 3, 4], [5], [5], [0, 1, 2, 3, 4], [0, 1, 2, 3, 4], [0, 1, 2, 3, 4], [0, 1, 2, 3, 4], [5], [5], [0, 1, 2, 3, 4], [0, 1, 2, 3, 4], [0, 1, 2, 3, 4], [0, 1, 2, 3, 4]]
15;WESTGATE PLAZA VIA HILLDALE;[6151102, 6151054, 6149650, 6151055, 6150572, 6150492, 6151093, 6149928, 6151065, 6151086, 6151092, 6151050, 6149542, 6150496, 6151100, 6151057, 6151063, 6151089, 6151095, 6151052, 6151068, 6151088, 6151091, 6151056, 6151067, 6149924, 6151101, 6151059, 6150573, 6149925, 6151085, 6151060, 6151076, 6150497, 6151097, 6149922, 6151075, 6149923, 6151098, 6150494, 6151062, 6151087, 6151099, 6149929, 6151064, 6150574, 6151096, 6150495, 6151066, 6150491, 6151090, 6151058, 6151077, 6150575, 6151094, 6151053, 6151078, 6150493, 6149936, 6151051, 6150571, 6149926, 6149937, 6150498, 6151079, 6149927, 6151061];[05:48, 06:00, 06:33, 06:45, 06:45, 07:18, 07:18, 07:30, 07:30, 08:03, 08:03, 08:15, 08:15, 08:48, 08:48, 09:00, 09:00, 09:33, 09:33, 09:45, 09:45, 10:18, 10:18, 10:30, 10:30, 11:03, 11:03, 11:15, 11:15, 11:48, 11:48, 12:00, 12:00, 12:33, 12:33, 12:45, 12:45, 13:18, 13:18, 13:30, 13:30, 14:03, 14:03, 14:15, 14:15, 14:48, 14:48, 15:00, 15:00, 15:33, 15:33, 15:45, 15:45, 16:18, 16:18, 16:30, 16:30, 17:03, 17:03, 17:15, 17:15, 17:48, 17:48, 18:00, 18:00, 18:33, 18:45];[[0, 1, 2, 3, 4], [0, 1, 2, 3, 4], [0, 1, 2, 3, 4], [0, 1, 2, 3, 4], [5], [0, 1, 2, 3, 4], [5], [0, 1, 2, 3, 4], [5], [0, 1, 2, 3, 4], [5], [0, 1, 2, 3, 4], [5], [0, 1, 2, 3, 4], [5], [0, 1, 2, 3, 4], [5], [0, 1, 2, 3, 4], [5], [0, 1, 2, 3, 4], [5], [0, 1, 2, 3, 4], [5], [0, 1, 2, 3, 4], [5], [0, 1, 2, 3, 4], [5], [0, 1, 2, 3, 4], [5], [0, 1, 2, 3, 4], [5], [0, 1, 2, 3, 4], [5], [0, 1, 2, 3, 4], [5], [0, 1, 2, 3, 4], [5], [0, 1, 2, 3, 4], [5], [0, 1, 2, 3, 4], [5], [0, 1, 2, 3, 4], [5], [0, 1, 2, 3, 4], [5], [0, 1, 2, 3, 4], [5], [0, 1, 2, 3, 4], [5], [0, 1, 2, 3, 4], [5], [0, 1, 2, 3, 4], [5], [0, 1, 2, 3, 4], [5], [0, 1, 2, 3, 4], [5], [0, 1, 2, 3, 4], [5], [0, 1, 2, 3, 4], [5], [0, 1, 2, 3, 4], [5], [0, 1, 2, 3, 4], [5], [0, 1, 2, 3, 4], [0, 1, 2, 3, 4]]
16;WESTGATE PLAZA VIA WASHINGTON STREET;[6149931, 6151113, 6149932, 6151115, 6151104, 6149652, 6149559, 6151116, 6151103, 6149654, 6149552, 6151108, 6149943, 6149655, 6151082, 6151114, 6151084, 6149656, 6149557, 6151109, 6149944, 6151081, 6149551, 6151119, 6149940, 6149545, 6149558, 6151120, 6149549, 6149546, 6151083, 6149951, 6149550, 6149930, 6149553, 6151121, 6149942, 6149651, 6149554, 6151117, 6149945, 6151080, 6149555, 6151111, 6149938, 6149935, 6149556, 6149544, 6149939, 6149933, 6149946, 6149543, 6151105, 6149934, 6149947, 6151112, 6149941, 6149653, 6149560, 6151110, 6151106, 6149547, 6149561, 6151118, 6151107, 6149548, 6149952];[05:38, 06:20, 06:23, 07:05, 07:05, 07:08, 07:08, 07:50, 07:50, 07:53, 07:53, 08:35, 08:35, 08:38, 08:38, 09:20, 09:20, 09:23, 09:23, 10:05, 10:05, 10:08, 10:08, 10:50, 10:50, 10:53, 10:53, 11:35, 11:35, 11:38, 11:38, 12:20, 12:20, 12:23, 12:23, 13:05, 13:05, 13:08, 13:08, 13:50, 13:50, 13:53, 13:53, 14:35, 14:35, 14:38, 14:38, 15:20, 15:20, 15:23, 15:23, 16:05, 16:05, 16:08, 16:08, 16:50, 16:50, 16:53, 16:53, 17:35, 17:35, 17:38, 17:38, 18:20, 18:20, 18:23, 19:05];[[0, 1, 2, 3, 4], [0, 1, 2, 3, 4], [0, 1, 2, 3, 4], [0, 1, 2, 3, 4], [5], [0, 1, 2, 3, 4], [5], [0, 1, 2, 3, 4], [5], [0, 1, 2, 3, 4], [5], [0, 1, 2, 3, 4], [5], [0, 1, 2, 3, 4], [5], [0, 1, 2, 3, 4], [5], [0, 1, 2, 3, 4], [5], [0, 1, 2, 3, 4], [5], [0, 1, 2, 3, 4], [5], [0, 1, 2, 3, 4], [5], [0, 1, 2, 3, 4], [5], [0, 1, 2, 3, 4], [5], [0, 1, 2, 3, 4], [5], [0, 1, 2, 3, 4], [5], [0, 1, 2, 3, 4], [5], [0, 1, 2, 3, 4], [5], [0, 1, 2, 3, 4], [5], [0, 1, 2, 3, 4], [5], [0, 1, 2, 3, 4], [5], [0, 1, 2, 3, 4], [5], [0, 1, 2, 3, 4], [5], [0, 1, 2, 3, 4], [5], [0, 1, 2, 3, 4], [5], [0, 1, 2, 3, 4], [5], [0, 1, 2, 3, 4], [5], [0, 1, 2, 3, 4], [5], [0, 1, 2, 3, 4], [5], [0, 1, 2, 3, 4], [5], [0, 1, 2, 3, 4], [5], [0, 1, 2, 3, 4], [5], [0, 1, 2, 3, 4], [0, 1, 2, 3, 4]]
17;SALISBURY BEACH VIA AMESBURY;[6150789, 6149444, 6150258, 6150349, 6149527, 6149488, 6149457, 6150921, 6150057, 6150514, 6150058, 6150796, 6149808, 6150350, 6149577, 6149357, 6150639, 6150029, 6150624, 6149803, 6149578, 6149412, 6150640, 6150922, 6150795, 6150185, 6150108, 6150038, 6150641, 6150923, 6149819, 6150032, 6149743, 6150039, 6150777, 6150537, 6150671, 6149424, 6150855, 6149809, 6149443, 6150812, 6150309, 6149425, 6150356, 6149810, 6149571, 6150701, 6150096, 6150030, 6150401, 6149811, 6149609, 6149511, 6149332, 6150805, 6150423, 6150521, 6149732, 6150027, 6150360, 6150778, 6150424, 6150806, 6150170, 6149496, 6150271, 6150236, 6149714, 6150028, 6149393, 6150404, 6150582];[05:00, 05:00, 05:50, 06:00, 06:50, 07:00, 07:00, 07:50, 07:50, 08:00, 08:00, 08:50, 08:50, 09:00, 09:00, 09:00, 09:00, 09:50, 09:50, 10:00, 10:00, 10:00, 10:00, 10:50, 10:50, 11:00, 11:00, 11:00, 11:00, 11:50, 11:50, 12:00, 12:00, 12:00, 12:00, 12:50, 12:50, 13:00, 13:00, 13:00, 13:00, 13:50, 13:50, 14:00, 14:00, 14:00, 14:00, 14:50, 14:50, 15:00, 15:00, 15:00, 15:00, 15:50, 15:50, 16:00, 16:00, 16:00, 16:00, 16:50, 16:50, 17:00, 17:00, 17:00, 17:00, 17:50, 17:50, 18:00, 18:00, 18:50, 18:50, 19:00, 19:50];[[0, 1, 2, 3, 4], [0, 1, 2, 3, 4], [0, 1, 2, 3, 4], [0, 1, 2, 3, 4], [0, 1, 2, 3, 4], [0, 1, 2, 3, 4], [5], [0, 1, 2, 3, 4], [5], [0, 1, 2, 3, 4], [5], [0, 1, 2, 3, 4], [5], [0, 1, 2, 3, 4], [5], [6], [6], [0, 1, 2, 3, 4], [5], [0, 1, 2, 3, 4], [5], [6], [6], [0, 1, 2, 3, 4], [5], [0, 1, 2, 3, 4], [5], [6], [6], [0, 1, 2, 3, 4], [5], [0, 1, 2, 3, 4], [5], [6], [6], [0, 1, 2, 3, 4], [5], [0, 1, 2, 3, 4], [5], [6], [6], [0, 1, 2, 3, 4], [5], [0, 1, 2, 3, 4], [5], [6], [6], [0, 1, 2, 3, 4], [5], [0, 1, 2, 3, 4], [5], [6], [6], [0, 1, 2, 3, 4], [5], [0, 1, 2, 3, 4], [5], [6], [6], [0, 1, 2, 3, 4], [5], [0, 1, 2, 3, 4], [5], [6], [6], [0, 1, 2, 3, 4], [5], [0, 1, 2, 3, 4], [5], [0, 1, 2, 3, 4], [5], [0, 1, 2, 3, 4], [0, 1, 2, 3, 4]]
18;RIVERSIDE/GROVELAND;[6150036, 6149328, 6150646, 6149720, 6150124, 6149632, 6150858, 6149719, 6150508, 6150623, 6149688, 6149689, 6150820, 6150683, 6149348, 6150700, 6150513, 6150125, 6149454, 6149744, 6150035, 6149687, 6149973, 6150741, 6149338, 6150612, 6150742, 6149449, 6149756, 6149757, 6149861, 6149862, 6150744, 6149771, 6150647, 6150379, 6149758, 6150856, 6149863, 6150380, 6149339, 6150857, 6150519, 6149797, 6150648, 6149678, 6149770, 6149715, 6150037, 6150341, 6149485, 6150340];[06:00, 06:23, 07:00, 07:00, 07:23, 07:23, 08:00, 08:00, 08:23, 08:23, 09:00, 09:00, 09:23, 09:23, 10:00, 10:00, 10:23, 10:23, 11:00, 11:00, 11:23, 11:23, 12:00, 12:00, 12:23, 12:23, 13:00, 13:00, 13:23, 13:23, 14:00, 14:00, 14:23, 14:23, 15:00, 15:00, 15:23, 15:23, 16:00, 16:00, 16:23, 16:23, 17:00, 17:00, 17:23, 17:23, 18:00, 18:00, 18:23, 18:23, 19:00, 19:23];[[0, 1, 2, 3, 4], [0, 1, 2, 3, 4], [0, 1, 2, 3, 4], [5], [0, 1, 2, 3, 4], [5], [0, 1, 2, 3, 4], [5], [0, 1, 2, 3, 4], [5], [0, 1, 2, 3, 4], [5], [0, 1, 2, 3, 4], [5], [0, 1, 2, 3, 4], [5], [0, 1, 2, 3, 4], [5], [0, 1, 2, 3, 4], [5], [0, 1, 2, 3, 4], [5], [0, 1, 2, 3, 4], [5], [0, 1, 2, 3, 4], [5], [0, 1, 2, 3, 4], [5], [0, 1, 2, 3, 4], [5], [0, 1, 2, 3, 4], [5], [0, 1, 2, 3, 4], [5], [0, 1, 2, 3, 4], [5], [0, 1, 2, 3, 4], [5], [0, 1, 2, 3, 4], [5], [0, 1, 2, 3, 4], [5], [0, 1, 2, 3, 4], [5], [0, 1, 2, 3, 4], [5], [0, 1, 2, 3, 4], [5], [0, 1, 2, 3, 4], [5], [0, 1, 2, 3, 4], [0, 1, 2, 3, 4]]
19;AMESBURY/COSTELLO;[6149657, 6149659, 6150232, 6149462, 6149349, 6149721, 6150666, 6150511, 6149422, 6150512, 6149755, 6149492, 6149423, 6150804, 6150615, 6149350, 6150402, 6150726, 6149487, 6150684, 6150403, 6149411, 6150184, 6150406, 6149461, 6150727, 6150218, 6150605, 6149472, 6150274, 6149463, 6150407, 6150818, 6150502, 6149611, 6150261, 6150862, 6150687, 6149612, 6150354, 6150702, 6150555, 6149613, 6149355, 6149470, 6149724, 6149614, 6149722, 6149471, 6149723, 6150821];[05:30, 05:40, 06:30, 06:40, 07:30, 07:30, 07:40, 07:40, 08:30, 08:30, 08:40, 08:40, 09:30, 09:30, 09:40, 09:40, 10:30, 10:30, 10:40, 10:40, 11:30, 11:30, 11:40, 11:40, 12:30, 12:30, 12:40, 12:40, 13:30, 13:30, 13:40, 13:40, 14:30, 14:30, 14:40, 14:40, 15:30, 15:30, 15:40, 15:40, 16:30, 16:30, 16:40, 16:40, 17:30, 17:30, 17:40, 17:40, 18:30, 18:30, 18:40];[[0, 1, 2, 3, 4], [0, 1, 2, 3, 4], [0, 1, 2, 3, 4], [0, 1, 2, 3, 4], [0, 1, 2, 3, 4], [5], [0, 1, 2, 3, 4], [5], [0, 1, 2, 3, 4], [5], [0, 1, 2, 3, 4], [5], [0, 1, 2, 3, 4], [5], [0, 1, 2, 3, 4], [5], [0, 1, 2, 3, 4], [5], [0, 1, 2, 3, 4], [5], [0, 1, 2, 3, 4], [5], [0, 1, 2, 3, 4], [5], [0, 1, 2, 3, 4], [5], [0, 1, 2, 3, 4], [5], [0, 1, 2, 3, 4], [5], [0, 1, 2, 3, 4], [5], [0, 1, 2, 3, 4], [5], [0, 1, 2, 3, 4], [5], [0, 1, 2, 3, 4], [5], [0, 1, 2, 3, 4], [5], [0, 1, 2, 3, 4], [5], [0, 1, 2, 3, 4], [5], [0, 1, 2, 3, 4], [5], [0, 1, 2, 3, 4], [5], [0, 1, 2, 3, 4], [5], [0, 1, 2, 3, 4]]
2;ANDOVER SQUARE VIA SOUTH BROADWAY;[6150329, 6149703, 6149894, 6150157, 6150431, 6150156, 6150542, 6150385, 6149701, 6150433, 6150154, 6150531, 6150540, 6149987, 6150532, 6150846, 6149885, 6149731, 6150244, 6150310, 6150725, 6150191, 6149431, 6150313, 6149886, 6150241, 6149625, 6149822, 6149629, 6149820, 6150545, 6150543, 6149824, 6150287, 6150194, 6150164, 6150528, 6150064, 6150195, 6150544, 6149466, 6150070, 6150429, 6150158, 6149432, 6150529, 6150196, 6150190, 6150159, 6149588, 6149430, 6150155, 6150243, 6150765, 6150952, 6149999, 6149780, 6149587, 6150430, 6149821, 6149983, 6150245, 6150541, 6150000, 6150160, 6149586, 6150432, 6149986, 6149704, 6150434, 6149628, 6150065, 6150161, 6150289, 6149892, 6149884, 6149893, 6149637, 6150067, 6149616, 6149984, 6149433, 6150546, 6149985, 6150192, 6150539, 6150312, 6150066, 6150311, 6150288, 6149504, 6150165, 6150068, 6150242, 6150069, 6150845, 6149627, 6150166, 6150193, 6150162, 6149626, 6150163, 6149615, 6149781];[05:00, 05:25, 05:30, 05:55, 06:00, 06:25, 06:30, 06:55, 07:00, 07:00, 07:25, 07:25, 07:30, 07:55, 08:00, 08:00, 08:25, 08:25, 08:30, 08:55, 09:00, 09:00, 09:00, 09:20, 09:25, 09:25, 09:30, 09:55, 10:00, 10:00, 10:00, 10:20, 10:25, 10:25, 10:30, 10:55, 11:00, 11:00, 11:00, 11:20, 11:25, 11:25, 11:30, 11:55, 12:00, 12:00, 12:00, 12:20, 12:25, 12:25, 12:30, 12:55, 13:00, 13:00, 13:00, 13:20, 13:25, 13:25, 13:30, 13:55, 14:00, 14:00, 14:00, 14:20, 14:25, 14:25, 14:30, 14:55, 15:00, 15:00, 15:00, 15:20, 15:25, 15:25, 15:30, 15:55, 16:00, 16:00, 16:00, 16:20, 16:25, 16:25, 16:30, 16:55, 17:00, 17:00, 17:00, 17:20, 17:25, 17:25, 17:30, 17:55, 18:00, 18:00, 18:25, 18:25, 18:30, 18:55, 19:00, 19:25, 20:00, 20:25, 21:00, 21:25];[[0, 1, 2, 3, 4], [0, 1, 2, 3, 4], [0, 1, 2, 3, 4], [0, 1, 2, 3, 4], [0, 1, 2, 3, 4], [0, 1, 2, 3, 4], [0, 1, 2, 3, 4], [0, 1, 2, 3, 4], [0, 1, 2, 3, 4], [5], [0, 1, 2, 3, 4], [5], [0, 1, 2, 3, 4], [0, 1, 2, 3, 4], [0, 1, 2, 3, 4], [5], [0, 1, 2, 3, 4], [5], [0, 1, 2, 3, 4], [0, 1, 2, 3, 4], [0, 1, 2, 3, 4], [5], [6], [6], [0, 1, 2, 3, 4], [5], [0, 1, 2, 3, 4], [0, 1, 2, 3, 4], [0, 1, 2, 3, 4], [5], [6], [6], [0, 1, 2, 3, 4], [5], [0, 1, 2, 3, 4], [0, 1, 2, 3, 4], [0, 1, 2, 3, 4], [5], [6], [6], [0, 1, 2, 3, 4], [5], [0, 1, 2, 3, 4], [0, 1, 2, 3, 4], [0, 1, 2, 3, 4], [5], [6], [6], [0, 1, 2, 3, 4], [5], [0, 1, 2, 3, 4], [0, 1, 2, 3, 4], [0, 1, 2, 3, 4], [5], [6], [6], [0, 1, 2, 3, 4], [5], [0, 1, 2, 3, 4], [0, 1, 2, 3, 4], [0, 1, 2, 3, 4], [5], [6], [6], [0, 1, 2, 3, 4], [5], [0, 1, 2, 3, 4], [0, 1, 2, 3, 4], [0, 1, 2, 3, 4], [5], [6], [6], [0, 1, 2, 3, 4], [5], [0, 1, 2, 3, 4], [0, 1, 2, 3, 4], [0, 1, 2, 3, 4], [5], [6], [6], [0, 1, 2, 3, 4], [5], [0, 1, 2, 3, 4], [0, 1, 2, 3, 4], [0, 1, 2, 3, 4], [5], [6], [6], [0, 1, 2, 3, 4], [5], [0, 1, 2, 3, 4], [0, 1, 2, 3, 4], [0, 1, 2, 3, 4], [5], [0, 1, 2, 3, 4], [5], [0, 1, 2, 3, 4], [0, 1, 2, 3, 4], [0, 1, 2, 3, 4], [0, 1, 2, 3, 4], [0, 1, 2, 3, 4], [0, 1, 2, 3, 4], [0, 1, 2, 3, 4], [0, 1, 2, 3, 4]]
20;SALISBURY BEACH;[6150352, 6150233, 6150686, 6149453, 6150059, 6149695, 6149634, 6150121, 6150060, 6149694, 6150551, 6149442, 6150061, 6149696, 6149796, 6149671, 6150600, 6150216, 6150679, 6149800, 6149354, 6149335, 6150680, 6150249, 6150665, 6150897, 6150126, 6150609, 6150211, 6149455, 6150247, 6150400, 6150738, 6149456, 6149621, 6149451, 6150114, 6149352, 6149622, 6149452, 6150212, 6149670, 6150024, 6149329, 6150327, 6150110, 6150745, 6149330, 6150213, 6149633, 6149692, 6150610, 6149716, 6149693];[05:10, 06:10, 06:10, 07:10, 07:10, 07:10, 07:10, 08:10, 08:10, 08:10, 08:10, 09:10, 09:10, 09:10, 09:10, 10:10, 10:10, 10:10, 10:10, 11:10, 11:10, 11:10, 11:10, 12:10, 12:10, 12:10, 12:10, 13:10, 13:10, 13:10, 13:10, 14:10, 14:10, 14:10, 14:10, 15:10, 15:10, 15:10, 15:10, 16:10, 16:10, 16:10, 16:10, 17:10, 17:10, 17:10, 17:10, 18:10, 18:10, 18:10, 18:10, 19:10, 19:10, 19:10];[[0, 1, 2, 3, 4], [0, 1, 2, 3, 4], [0, 1, 2, 3, 4], [0, 1, 2, 3, 4], [0, 1, 2, 3, 4], [5], [5], [0, 1, 2, 3, 4], [0, 1, 2, 3, 4], [5], [5], [0, 1, 2, 3, 4], [0, 1, 2, 3, 4], [5], [5], [0, 1, 2, 3, 4], [0, 1, 2, 3, 4], [5], [5], [0, 1, 2, 3, 4], [0, 1, 2, 3, 4], [5], [5], [0, 1, 2, 3, 4], [0, 1, 2, 3, 4], [5], [5], [0, 1, 2, 3, 4], [0, 1, 2, 3, 4], [5], [5], [0, 1, 2, 3, 4], [0, 1, 2, 3, 4], [5], [5], [0, 1, 2, 3, 4], [0, 1, 2, 3, 4], [5], [5], [0, 1, 2, 3, 4], [0, 1, 2, 3, 4], [5], [5], [0, 1, 2, 3, 4], [0, 1, 2, 3, 4], [5], [5], [0, 1, 2, 3, 4], [0, 1, 2, 3, 4], [5], [5], [0, 1, 2, 3, 4], [0, 1, 2, 3, 4], [5]]
21;ANDOVER SHUTTLE;[6149958, 6149960, 6149959, 6149957, 6149961, 6149953, 6149950, 6149954, 6149948, 6149949, 6149965, 6149956, 6149955, 6149962, 6149964, 6149963, 6150591];[09:15, 09:40, 10:15, 10:40, 11:15, 11:40, 12:15, 12:40, 13:15, 13:40, 14:15, 14:40, 15:15, 15:40, 16:15, 16:40, 17:15];[[0, 1, 2, 3, 4], [0, 1, 2, 3, 4], [0, 1, 2, 3, 4], [0, 1, 2, 3, 4], [0, 1, 2, 3, 4], [0, 1, 2, 3, 4], [0, 1, 2, 3, 4], [0, 1, 2, 3, 4], [0, 1, 2, 3, 4], [0, 1, 2, 3, 4], [0, 1, 2, 3, 4], [0, 1, 2, 3, 4], [0, 1, 2, 3, 4], [0, 1, 2, 3, 4], [0, 1, 2, 3, 4], [0, 1, 2, 3, 4], [3]]
22;BUTTONWOODS EXPRESS;[6150422, 6149510];[10:30, 11:30];[[0, 3], [0, 3]]
24;LAWRENCE-LOWELL;[6150689, 6149486, 6149994, 6149993, 6150692, 6149337, 6150214, 6150628, 6149635, 6150594, 6150257, 6149353, 6149814, 6150215, 6150393, 6150417, 6150599, 6150808, 6149669, 6150809, 6150616, 6149512, 6149801, 6149733, 6150656, 6150608, 6149379, 6149513, 6149380, 6149514, 6150076, 6149515, 6149802, 6150382, 6149440, 6150111, 6150746, 6149516, 6150275, 6149517, 6150276, 6149518, 6149741, 6150250, 6149817, 6150788, 6149465, 6149776, 6149374, 6149617, 6150248, 6149375, 6149742, 6150729, 6150017, 6150425, 6149493, 6149618, 6150246, 6149619, 6149522, 6150910, 6150075, 6149460, 6150516, 6150359, 6149494, 6149519, 6149495, 6150841, 6150791, 6149520, 6150611, 6150362, 6149769, 6150308, 6150792, 6150911, 6150793, 6149735, 6150794, 6149736, 6149464, 6149775, 6150016, 6150351, 6150913, 6149737, 6150914, 6149738, 6150915, 6149739, 6150509, 6150363, 6150328, 6150172, 6150916, 6150272, 6150224, 6150807, 6150852, 6149341, 6149754, 6150033, 6150031, 6150939, 6150259, 6150273, 6150260, 6149377, 6150394, 6150658, 6149351, 6149967, 6150682, 6149376, 6150681, 6150621, 6150120, 6149378];[05:00, 05:30, 06:00, 06:00, 06:30, 06:30, 07:00, 07:00, 07:00, 07:00, 07:30, 07:30, 08:00, 08:00, 08:00, 08:00, 08:20, 08:20, 08:40, 08:40, 09:00, 09:00, 09:00, 09:00, 09:00, 09:00, 09:20, 09:20, 09:40, 09:40, 10:00, 10:00, 10:00, 10:00, 10:00, 10:00, 10:20, 10:20, 10:40, 10:40, 11:00, 11:00, 11:00, 11:00, 11:00, 11:00, 11:20, 11:20, 11:40, 11:40, 12:00, 12:00, 12:00, 12:00, 12:00, 12:00, 12:20, 12:20, 12:40, 12:40, 13:00, 13:00, 13:00, 13:00, 13:00, 13:00, 13:20, 13:20, 13:40, 13:40, 14:00, 14:00, 14:00, 14:00, 14:00, 14:00, 14:20, 14:20, 14:40, 14:40, 15:00, 15:00, 15:00, 15:00, 15:00, 15:00, 15:20, 15:20, 15:40, 15:40, 16:00, 16:00, 16:00, 16:00, 16:00, 16:00, 16:20, 16:20, 16:40, 16:40, 17:00, 17:00, 17:00, 17:00, 17:00, 17:00, 17:30, 17:30, 18:00, 18:00, 18:00, 18:00, 18:30, 18:30, 19:00, 19:00, 20:00, 20:00, 21:00, 21:00];[[0, 1, 2, 3, 4], [0, 1, 2, 3, 4], [0, 1, 2, 3, 4], [0, 1, 2, 3, 4], [0, 1, 2, 3, 4], [0, 1, 2, 3, 4], [0, 1, 2, 3, 4], [0, 1, 2, 3, 4], [5], [5], [0, 1, 2, 3, 4], [0, 1, 2, 3, 4], [0, 1, 2, 3, 4], [0, 1, 2, 3, 4], [5], [5], [0, 1, 2, 3, 4], [0, 1, 2, 3, 4], [0, 1, 2, 3, 4], [0, 1, 2, 3, 4], [0, 1, 2, 3, 4], [0, 1, 2, 3, 4], [5], [5], [6], [6], [0, 1, 2, 3, 4], [0, 1, 2, 3, 4], [0, 1, 2, 3, 4], [0, 1, 2, 3, 4], [0, 1, 2, 3, 4], [0, 1, 2, 3, 4], [5], [5], [6], [6], [0, 1, 2, 3, 4], [0, 1, 2, 3, 4], [0, 1, 2, 3, 4], [0, 1, 2, 3, 4], [0, 1, 2, 3, 4], [0, 1, 2, 3, 4], [5], [5], [6], [6], [0, 1, 2, 3, 4], [0, 1, 2, 3, 4], [0, 1, 2, 3, 4], [0, 1, 2, 3, 4], [0, 1, 2, 3, 4], [0, 1, 2, 3, 4], [5], [5], [6], [6], [0, 1, 2, 3, 4], [0, 1, 2, 3, 4], [0, 1, 2, 3, 4], [0, 1, 2, 3, 4], [0, 1, 2, 3, 4], [0, 1, 2, 3, 4], [5], [5], [6], [6], [0, 1, 2, 3, 4], [0, 1, 2, 3, 4], [0, 1, 2, 3, 4], [0, 1, 2, 3, 4], [0, 1, 2, 3, 4], [0, 1, 2, 3, 4], [5], [5], [6], [6], [0, 1, 2, 3, 4], [0, 1, 2, 3, 4], [0, 1, 2, 3, 4], [0, 1, 2, 3, 4], [0, 1, 2, 3, 4], [0, 1, 2, 3, 4], [5], [5], [6], [6], [0, 1, 2, 3, 4], [0, 1, 2, 3, 4], [0, 1, 2, 3, 4], [0, 1, 2, 3, 4], [0, 1, 2, 3, 4], [0, 1, 2, 3, 4], [5], [5], [6], [6], [0, 1, 2, 3, 4], [0, 1, 2, 3, 4], [0, 1, 2, 3, 4], [0, 1, 2, 3, 4], [0, 1, 2, 3, 4], [0, 1, 2, 3, 4], [5], [5], [6], [6], [0, 1, 2, 3, 4], [0, 1, 2, 3, 4], [0, 1, 2, 3, 4], [0, 1, 2, 3, 4], [5], [5], [0, 1, 2, 3, 4], [0, 1, 2, 3, 4], [0, 1, 2, 3, 4], [0, 1, 2, 3, 4], [0, 1, 2, 3, 4], [0, 1, 2, 3, 4], [0, 1, 2, 3, 4], [0, 1, 2, 3, 4]]
25;METHUEN CROSSTOWN;[6153354, 6153362, 6153355, 6153363, 6153356, 6153364, 6153357, 6153365, 6153358, 6153366, 6153359, 6153367, 6153360, 6153368, 6153361, 6153369];[08:00, 08:30, 09:20, 09:50, 10:40, 11:10, 12:00, 12:30, 13:20, 13:50, 14:40, 15:10, 16:00, 16:30, 17:20, 17:50];[[0, 1, 2, 3, 4], [0, 1, 2, 3, 4], [0, 1, 2, 3, 4], [0, 1, 2, 3, 4], [0, 1, 2, 3, 4], [0, 1, 2, 3, 4], [0, 1, 2, 3, 4], [0, 1, 2, 3, 4], [0, 1, 2, 3, 4], [0, 1, 2, 3, 4], [0, 1, 2, 3, 4], [0, 1, 2, 3, 4], [0, 1, 2, 3, 4], [0, 1, 2, 3, 4], [0, 1, 2, 3, 4], [0, 1, 2, 3, 4]]
26;IRS/RAYTHEON;[6149734, 6149807];[05:55, 15:20];[[0, 1, 2, 3, 4], [0, 1, 2, 3, 4]]
27;BEACON STREET SPECIAL;[6150592, 6150593];[07:05, 15:30];[[0, 1, 2, 3, 4], [0, 1, 2, 3, 4]]
28;SALEM / TUSCAN VILLAGE;[6153370, 6153378, 6153371, 6153379, 6153372, 6153333, 6153256, 6153380, 6153338, 6153263, 6153373, 6153334, 6153257, 6153381, 6153339, 6153264, 6153374, 6153335, 6153258, 6153382, 6153340, 6153265, 6153375, 6153336, 6153259, 6153383, 6153341, 6153266, 6153376, 6153337, 6153260, 6153384, 6153342, 6153267, 6153377, 6153385];[06:15, 06:55, 08:00, 08:40, 09:45, 09:45, 09:45, 10:25, 10:25, 10:25, 11:30, 11:30, 11:30, 12:10, 12:10, 12:10, 13:15, 13:15, 13:15, 13:55, 13:55, 13:55, 15:00, 15:00, 15:00, 15:40, 15:40, 15:40, 16:45, 16:45, 16:45, 17:25, 17:25, 17:25, 18:30, 19:10];[[0, 1, 2, 3, 4], [0, 1, 2, 3, 4], [0, 1, 2, 3, 4], [0, 1, 2, 3, 4], [0, 1, 2, 3, 4], [5], [6], [0, 1, 2, 3, 4], [5], [6], [0, 1, 2, 3, 4], [5], [6], [0, 1, 2, 3, 4], [5], [6], [0, 1, 2, 3, 4], [5], [6], [0, 1, 2, 3, 4], [5], [6], [0, 1, 2, 3, 4], [5], [6], [0, 1, 2, 3, 4], [5], [6], [0, 1, 2, 3, 4], [5], [6], [0, 1, 2, 3, 4], [5], [6], [0, 1, 2, 3, 4], [0, 1, 2, 3, 4]]
3;NORTH ANDOVER/WOODRIDGE;[6150139, 6150082, 6149601, 6150889, 6150873, 6149598, 6150303, 6149848, 6149834, 6149838, 6149843, 6149840, 6150304, 6149849, 6150043, 6149839, 6150046, 6149841, 6149594, 6150293, 6149593, 6149846, 6149595, 6149592, 6150141, 6149882, 6149580, 6149847, 6149596, 6149832, 6150724, 6150149, 6150140, 6150151, 6150112, 6149833, 6150047, 6150148, 6149582, 6149836, 6150147, 6150143, 6149835, 6150045, 6150136, 6150137, 6150050, 6149829, 6149844, 6150081, 6150044, 6150875, 6149600, 6149830, 6150876, 6149845, 6150874, 6150138, 6150049, 6150146, 6149831, 6150048, 6150150, 6149599, 6149361, 6150144, 6149498, 6150052, 6150294, 6150872, 6150051, 6150145, 6150305, 6149477, 6149837, 6149842, 6149597, 6149473, 6150306, 6149850, 6150295, 6150142];[05:00, 05:25, 05:30, 05:55, 06:00, 06:25, 06:30, 06:55, 07:00, 07:00, 07:25, 07:25, 07:30, 07:55, 08:00, 08:00, 08:25, 08:25, 08:30, 08:55, 09:00, 09:00, 09:25, 09:25, 09:30, 09:55, 10:00, 10:00, 10:25, 10:25, 10:30, 10:55, 11:00, 11:00, 11:25, 11:25, 11:30, 11:55, 12:00, 12:00, 12:25, 12:25, 12:30, 12:55, 13:00, 13:00, 13:25, 13:25, 13:30, 13:55, 14:00, 14:00, 14:25, 14:25, 14:30, 14:55, 15:00, 15:00, 15:25, 15:25, 15:30, 15:55, 16:00, 16:00, 16:25, 16:25, 16:30, 16:55, 17:00, 17:00, 17:25, 17:25, 17:30, 17:55, 18:00, 18:00, 18:25, 18:25, 18:30, 18:55, 19:00, 19:25];[[0, 1, 2, 3, 4], [0, 1, 2, 3, 4], [0, 1, 2, 3, 4], [0, 1, 2, 3, 4], [0, 1, 2, 3, 4], [0, 1, 2, 3, 4], [0, 1, 2, 3, 4], [0, 1, 2, 3, 4], [0, 1, 2, 3, 4], [5], [0, 1, 2, 3, 4], [5], [0, 1, 2, 3, 4], [0, 1, 2, 3, 4], [0, 1, 2, 3, 4], [5], [0, 1, 2, 3, 4], [5], [0, 1, 2, 3, 4], [0, 1, 2, 3, 4], [0, 1, 2, 3, 4], [5], [0, 1, 2, 3, 4], [5], [0, 1, 2, 3, 4], [0, 1, 2, 3, 4], [0, 1, 2, 3, 4], [5], [0, 1, 2, 3, 4], [5], [0, 1, 2, 3, 4], [0, 1, 2, 3, 4], [0, 1, 2, 3, 4], [5], [0, 1, 2, 3, 4], [5], [0, 1, 2, 3, 4], [0, 1, 2, 3, 4], [0, 1, 2, 3, 4], [5], [0, 1, 2, 3, 4], [5], [0, 1, 2, 3, 4], [0, 1, 2, 3, 4], [0, 1, 2, 3, 4], [5], [0, 1, 2, 3, 4], [5], [0, 1, 2, 3, 4], [0, 1, 2, 3, 4], [0, 1, 2, 3, 4], [5], [0, 1, 2, 3, 4], [5], [0, 1, 2, 3, 4], [0, 1, 2, 3, 4], [0, 1, 2, 3, 4], [5], [0, 1, 2, 3, 4], [5], [0, 1, 2, 3, 4], [0, 1, 2, 3, 4], [0, 1, 2, 3, 4], [5], [0, 1, 2, 3, 4], [5], [0, 1, 2, 3, 4], [0, 1, 2, 3, 4], [0, 1, 2, 3, 4], [5], [0, 1, 2, 3, 4], [5], [0, 1, 2, 3, 4], [0, 1, 2, 3, 4], [0, 1, 2, 3, 4], [5], [0, 1, 2, 3, 4], [5], [0, 1, 2, 3, 4], [0, 1, 2, 3, 4], [0, 1, 2, 3, 4], [0, 1, 2, 3, 4]]
4;THE LOOP VIA PROSPECT HILL;[6150230, 6149818, 6150342, 6149573, 6150188, 6150343, 6150187, 6150945, 6149574, 6150597, 6150344, 6150838, 6150733, 6150782, 6149584, 6149870, 6150011, 6150255, 6150231, 6149416, 6150008, 6149605, 6150256, 6149996, 6150197, 6149604, 6150345, 6149712, 6150002, 6149606, 6150902, 6149971, 6150534, 6150210, 6150346, 6149713, 6150003, 6150854, 6149864, 6149865, 6150693, 6150849, 6149340, 6150595, 6150005, 6149446, 6150903, 6149866, 6150536, 6150370, 6150235, 6150734, 6150006, 6150781, 6149988, 6149867, 6150535, 6149891, 6149990, 6149673, 6150007, 6150944, 6149991, 6149868, 6150010, 6150262, 6150853, 6150625, 6150001, 6150133, 6149989, 6149869, 6150533, 6149772, 6150773, 6150626, 6150004, 6149607, 6150775, 6149565, 6150009, 6150946, 6150774, 6150602, 6150622, 6149408, 6150266, 6149970, 6150012, 6150265, 6150596, 6150013, 6149890, 6150847, 6149373, 6149630, 6150943, 6150942];[05:15, 05:45, 06:15, 06:45, 06:45, 07:15, 07:15, 07:45, 07:45, 07:45, 08:15, 08:15, 08:15, 08:45, 08:45, 08:45, 09:00, 09:15, 09:15, 09:15, 09:30, 09:45, 09:45, 09:45, 10:00, 10:15, 10:15, 10:15, 10:30, 10:45, 10:45, 10:45, 11:00, 11:15, 11:15, 11:15, 11:30, 11:45, 11:45, 11:45, 12:00, 12:15, 12:15, 12:15, 12:30, 12:45, 12:45, 12:45, 13:00, 13:15, 13:15, 13:15, 13:30, 13:45, 13:45, 13:45, 14:00, 14:15, 14:15, 14:15, 14:30, 14:45, 14:45, 14:45, 15:00, 15:15, 15:15, 15:15, 15:30, 15:45, 15:45, 15:45, 16:00, 16:15, 16:15, 16:15, 16:30, 16:45, 16:45, 16:45, 17:00, 17:15, 17:15, 17:15, 17:30, 17:45, 17:45, 17:45, 18:15, 18:15, 18:15, 18:45, 19:00, 19:30, 20:00, 20:30, 21:00, 21:30];[[0, 1, 2, 3, 4], [0, 1, 2, 3, 4], [0, 1, 2, 3, 4], [0, 1, 2, 3, 4], [5], [0, 1, 2, 3, 4], [5], [0, 1, 2, 3, 4], [0, 1, 2, 3, 4], [5], [0, 1, 2, 3, 4], [0, 1, 2, 3, 4], [5], [0, 1, 2, 3, 4], [0, 1, 2, 3, 4], [5], [6], [0, 1, 2, 3, 4], [0, 1, 2, 3, 4], [5], [6], [0, 1, 2, 3, 4], [0, 1, 2, 3, 4], [5], [6], [0, 1, 2, 3, 4], [0, 1, 2, 3, 4], [5], [6], [0, 1, 2, 3, 4], [0, 1, 2, 3, 4], [5], [6], [0, 1, 2, 3, 4], [0, 1, 2, 3, 4], [5], [6], [0, 1, 2, 3, 4], [0, 1, 2, 3, 4], [5], [6], [0, 1, 2, 3, 4], [0, 1, 2, 3, 4], [5], [6], [0, 1, 2, 3, 4], [0, 1, 2, 3, 4], [5], [6], [0, 1, 2, 3, 4], [0, 1, 2, 3, 4], [5], [6], [0, 1, 2, 3, 4], [0, 1, 2, 3, 4], [5], [6], [0, 1, 2, 3, 4], [0, 1, 2, 3, 4], [5], [6], [0, 1, 2, 3, 4], [0, 1, 2, 3, 4], [5], [6], [0, 1, 2, 3, 4], [0, 1, 2, 3, 4], [5], [6], [0, 1, 2, 3, 4], [0, 1, 2, 3, 4], [5], [6], [0, 1, 2, 3, 4], [0, 1, 2, 3, 4], [5], [6], [0, 1, 2, 3, 4], [0, 1, 2, 3, 4], [5], [6], [0, 1, 2, 3, 4], [0, 1, 2, 3, 4], [5], [6], [0, 1, 2, 3, 4], [0, 1, 2, 3, 4], [5], [0, 1, 2, 3, 4], [0, 1, 2, 3, 4], [5], [0, 1, 2, 3, 4], [0, 1, 2, 3, 4], [0, 1, 2, 3, 4], [0, 1, 2, 3, 4], [0, 1, 2, 3, 4], [0, 1, 2, 3, 4], [0, 1, 2, 3, 4]]
5;MERRIMAC PLAZA/DANA FARBER VIA WATER STREET;[6150967, 6150561, 6149534, 6150464, 6150960, 6150479, 6150456, 6150465, 6150457, 6150962, 6150965, 6150959, 6150460, 6150958, 6149895, 6150963, 6150956, 6150442, 6150463, 6149535, 6150458, 6150473, 6150964, 6150563, 6150449, 6150461, 6150968, 6150472, 6150466, 6149536, 6150455, 6150459, 6150590, 6150955, 6150446, 6150566, 6150435, 6150462, 6150588, 6150954, 6150953, 6150562, 6150475, 6150440, 6150478, 6150454, 6150448, 6150453, 6150443, 6150438, 6150961, 6149638, 6150966, 6150567, 6150468, 6150589, 6150450, 6149639, 6150470, 6150444, 6149562, 6149563, 6150480, 6150436, 6150469, 6150565, 6150474, 6150970, 6150467, 6150437, 6150447, 6150564, 6150439, 6150477, 6150471, 6150441, 6150957, 6150969, 6150445, 6150476, 6150451, 6150452];[05:00, 05:25, 05:30, 05:55, 06:00, 06:25, 06:30, 06:55, 07:00, 07:00, 07:25, 07:25, 07:30, 07:55, 08:00, 08:00, 08:25, 08:25, 08:30, 08:55, 09:00, 09:00, 09:25, 09:25, 09:30, 09:55, 10:00, 10:00, 10:25, 10:25, 10:30, 10:55, 11:00, 11:00, 11:25, 11:25, 11:30, 11:55, 12:00, 12:00, 12:25, 12:25, 12:30, 12:55, 13:00, 13:00, 13:25, 13:25, 13:30, 13:55, 14:00, 14:00, 14:25, 14:25, 14:30, 14:55, 15:00, 15:00, 15:25, 15:25, 15:30, 15:55, 16:00, 16:00, 16:25, 16:25, 16:30, 16:50, 17:00, 17:00, 17:25, 17:25, 17:30, 17:55, 18:00, 18:00, 18:25, 18:25, 18:30, 18:55, 19:00, 19:25];[[0, 1, 2, 3, 4], [0, 1, 2, 3, 4], [0, 1, 2, 3, 4], [0, 1, 2, 3, 4], [0, 1, 2, 3, 4], [0, 1, 2, 3, 4], [0, 1, 2, 3, 4], [0, 1, 2, 3, 4], [0, 1, 2, 3, 4], [5], [0, 1, 2, 3, 4], [5], [0, 1, 2, 3, 4], [0, 1, 2, 3, 4], [0, 1, 2, 3, 4], [5], [0, 1, 2, 3, 4], [5], [0, 1, 2, 3, 4], [0, 1, 2, 3, 4], [0, 1, 2, 3, 4], [5], [0, 1, 2, 3, 4], [5], [0, 1, 2, 3, 4], [0, 1, 2, 3, 4], [0, 1, 2, 3, 4], [5], [0, 1, 2, 3, 4], [5], [0, 1, 2, 3, 4], [0, 1, 2, 3, 4], [0, 1, 2, 3, 4], [5], [0, 1, 2, 3, 4], [5], [0, 1, 2, 3, 4], [0, 1, 2, 3, 4], [0, 1, 2, 3, 4], [5], [0, 1, 2, 3, 4], [5], [0, 1, 2, 3, 4], [0, 1, 2, 3, 4], [0, 1, 2, 3, 4], [5], [0, 1, 2, 3, 4], [5], [0, 1, 2, 3, 4], [0, 1, 2, 3, 4], [0, 1, 2, 3, 4], [5], [0, 1, 2, 3, 4], [5], [0, 1, 2, 3, 4], [0, 1, 2, 3, 4], [0, 1, 2, 3, 4], [5], [0, 1, 2, 3, 4], [5], [0, 1, 2, 3, 4], [0, 1, 2, 3, 4], [0, 1, 2, 3, 4], [5], [0, 1, 2, 3, 4], [5], [0, 1, 2, 3, 4], [0, 1, 2, 3, 4], [0, 1, 2, 3, 4], [5], [0, 1, 2, 3, 4], [5], [0, 1, 2, 3, 4], [0, 1, 2, 3, 4], [0, 1, 2, 3, 4], [5], [0, 1, 2, 3, 4], [5], [0, 1, 2, 3, 4], [0, 1, 2, 3, 4], [0, 1, 2, 3, 4], [0, 1, 2, 3, 4]]
6;HOLY FAMILY HOSPITAL VIA LAWRENCE GENERAL;[6150131, 6150878, 6149403, 6150297, 6150762, 6150153, 6149404, 6150296, 6150758, 6149385, 6150053, 6149777, 6150760, 6150751, 6149474, 6150882, 6150752, 6150790, 6150092, 6150888, 6150759, 6150886, 6150750, 6150749, 6149402, 6150093, 6149401, 6150055, 6150299, 6150090, 6149368, 6149476, 6150881, 6150084, 6150300, 6150091, 6150083, 6150298, 6150763, 6149383, 6150879, 6150085, 6149883, 6150880, 6149367, 6149366, 6150152, 6150883, 6150757, 6150302, 6150132, 6150887, 6150301, 6150884, 6150087, 6150753, 6150761, 6149475, 6150089, 6149381, 6149400, 6150754, 6150130, 6150086, 6150755, 6149382, 6150748, 6150756, 6150056, 6149384, 6150877, 6150764, 6149362, 6149364, 6150054, 6149386, 6150094, 6149387, 6149363, 6149365, 6150088, 6150885];[05:00, 05:25, 05:30, 05:55, 06:00, 06:25, 06:30, 06:55, 07:00, 07:00, 07:25, 07:25, 07:30, 07:55, 08:00, 08:00, 08:25, 08:25, 08:30, 08:55, 09:00, 09:00, 09:25, 09:25, 09:30, 09:55, 10:00, 10:00, 10:25, 10:25, 10:30, 10:55, 11:00, 11:00, 11:25, 11:25, 11:30, 11:55, 12:00, 12:00, 12:25, 12:25, 12:30, 12:55, 13:00, 13:00, 13:25, 13:25, 13:30, 13:55, 14:00, 14:00, 14:25, 14:25, 14:30, 14:55, 15:00, 15:00, 15:25, 15:25, 15:30, 15:55, 16:00, 16:00, 16:25, 16:25, 16:30, 16:55, 17:00, 17:00, 17:25, 17:25, 17:30, 17:55, 18:00, 18:00, 18:25, 18:25, 18:30, 18:55, 19:00, 19:25];[[0, 1, 2, 3, 4], [0, 1, 2, 3, 4], [0, 1, 2, 3, 4], [0, 1, 2, 3, 4], [0, 1, 2, 3, 4], [0, 1, 2, 3, 4], [0, 1, 2, 3, 4], [0, 1, 2, 3, 4], [0, 1, 2, 3, 4], [5], [0, 1, 2, 3, 4], [5], [0, 1, 2, 3, 4], [0, 1, 2, 3, 4], [0, 1, 2, 3, 4], [5], [0, 1, 2, 3, 4], [5], [0, 1, 2, 3, 4], [0, 1, 2, 3, 4], [0, 1, 2, 3, 4], [5], [0, 1, 2, 3, 4], [5], [0, 1, 2, 3, 4], [0, 1, 2, 3, 4], [0, 1, 2, 3, 4], [5], [0, 1, 2, 3, 4], [5], [0, 1, 2, 3, 4], [0, 1, 2, 3, 4], [0, 1, 2, 3, 4], [5], [0, 1, 2, 3, 4], [5], [0, 1, 2, 3, 4], [0, 1, 2, 3, 4], [0, 1, 2, 3, 4], [5], [0, 1, 2, 3, 4], [5], [0, 1, 2, 3, 4], [0, 1, 2, 3, 4], [0, 1, 2, 3, 4], [5], [0, 1, 2, 3, 4], [5], [0, 1, 2, 3, 4], [0, 1, 2, 3, 4], [0, 1, 2, 3, 4], [5], [0, 1, 2, 3, 4], [5], [0, 1, 2, 3, 4], [0, 1, 2, 3, 4], [0, 1, 2, 3, 4], [5], [0, 1, 2, 3, 4], [5], [0, 1, 2, 3, 4], [0, 1, 2, 3, 4], [0, 1, 2, 3, 4], [5], [0, 1, 2, 3, 4], [5], [0, 1, 2, 3, 4], [0, 1, 2, 3, 4], [0, 1, 2, 3, 4], [5], [0, 1, 2, 3, 4], [5], [0, 1, 2, 3, 4], [0, 1, 2, 3, 4], [0, 1, 2, 3, 4], [5], [0, 1, 2, 3, 4], [5], [0, 1, 2, 3, 4], [0, 1, 2, 3, 4], [0, 1, 2, 3, 4], [0, 1, 2, 3, 4]]
7;BEACON STREET/MOUNT VERNON;[6150581, 6149636, 6150601, 6150330, 6149589, 6150409, 6149370, 6150014, 6150324, 6150627, 6150410, 6149871, 6149447, 6150015, 6150644, 6150825, 6149793, 6149872, 6150177, 6149813, 6150355, 6149977, 6150787, 6149852, 6150178, 6150333, 6149590, 6149566, 6150604, 6149327, 6150331, 6150332, 6150383, 6150603, 6149981, 6149853, 6149503, 6149702, 6150222, 6149978, 6149806, 6150579, 6149508, 6150201, 6150739, 6149979, 6150643, 6149854, 6149726, 6149603, 6150732, 6150240, 6150642, 6150576, 6150630, 6150503, 6149448, 6150839, 6150865, 6150577, 6149336, 6150866, 6150740, 6150549, 6150074, 6150578, 6150629, 6150073, 6150072, 6150550, 6150225, 6150580, 6149888, 6149509, 6150893, 6150904, 6150202, 6149773, 6149889, 6150334, 6149972, 6150219];[05:15, 05:35, 05:45, 06:05, 06:15, 06:35, 06:45, 07:05, 07:15, 07:15, 07:35, 07:35, 07:45, 08:05, 08:15, 08:15, 08:35, 08:35, 08:45, 09:05, 09:15, 09:15, 09:35, 09:35, 09:45, 10:05, 10:15, 10:15, 10:35, 10:35, 10:45, 11:05, 11:15, 11:15, 11:35, 11:35, 11:45, 12:05, 12:15, 12:15, 12:35, 12:35, 12:45, 13:05, 13:15, 13:15, 13:35, 13:35, 13:45, 14:05, 14:15, 14:15, 14:35, 14:35, 14:45, 15:05, 15:15, 15:15, 15:35, 15:35, 15:45, 16:05, 16:15, 16:15, 16:35, 16:35, 16:45, 17:05, 17:15, 17:15, 17:35, 17:35, 17:45, 18:05, 18:15, 18:15, 18:35, 18:35, 18:45, 19:05, 19:15, 19:35];[[0, 1, 2, 3, 4], [0, 1, 2, 3, 4], [0, 1, 2, 3, 4], [0, 1, 2, 3, 4], [0, 1, 2, 3, 4], [0, 1, 2, 3, 4], [0, 1, 2, 3, 4], [0, 1, 2, 3, 4], [0, 1, 2, 3, 4], [5], [0, 1, 2, 3, 4], [5], [0, 1, 2, 3, 4], [0, 1, 2, 3, 4], [0, 1, 2, 3, 4], [5], [0, 1, 2, 3, 4], [5], [0, 1, 2, 3, 4], [0, 1, 2, 3, 4], [0, 1, 2, 3, 4], [5], [0, 1, 2, 3, 4], [5], [0, 1, 2, 3, 4], [0, 1, 2, 3, 4], [0, 1, 2, 3, 4], [5], [0, 1, 2, 3, 4], [5], [0, 1, 2, 3, 4], [0, 1, 2, 3, 4], [0, 1, 2, 3, 4], [5], [0, 1, 2, 3, 4], [5], [0, 1, 2, 3, 4], [0, 1, 2, 3, 4], [0, 1, 2, 3, 4], [5], [0, 1, 2, 3, 4], [5], [0, 1, 2, 3, 4], [0, 1, 2, 3, 4], [0, 1, 2, 3, 4], [5], [0, 1, 2, 3, 4], [5], [0, 1, 2, 3, 4], [0, 1, 2, 3, 4], [0, 1, 2, 3, 4], [5], [0, 1, 2, 3, 4], [5], [0, 1, 2, 3, 4], [0, 1, 2, 3, 4], [0, 1, 2, 3, 4], [5], [0, 1, 2, 3, 4], [5], [0, 1, 2, 3, 4], [0, 1, 2, 3, 4], [0, 1, 2, 3, 4], [5], [0, 1, 2, 3, 4], [5], [0, 1, 2, 3, 4], [0, 1, 2, 3, 4], [0, 1, 2, 3, 4], [5], [0, 1, 2, 3, 4], [5], [0, 1, 2, 3, 4], [0, 1, 2, 3, 4], [0, 1, 2, 3, 4], [5], [0, 1, 2, 3, 4], [5], [0, 1, 2, 3, 4], [0, 1, 2, 3, 4], [0, 1, 2, 3, 4], [0, 1, 2, 3, 4]]
8;NORTH ANDOVER MALL VIA PARKER STREET;[6150822, 6149415, 6150896, 6150335, 6149881, 6149684, 6150898, 6150336, 6150307, 6150269, 6149727, 6150270, 6150899, 6150851, 6150116, 6150268, 6149728, 6150905, 6150418, 6150937, 6149502, 6149661, 6150115, 6150290, 6150361, 6149823, 6149855, 6149369, 6149729, 6150291, 6149968, 6150833, 6150118, 6149391, 6150819, 6150645, 6150832, 6149390, 6150117, 6149392, 6150637, 6150411, 6149825, 6150843, 6150226, 6150613, 6150941, 6150419, 6150801, 6149774, 6150631, 6150560, 6150267, 6150412, 6150171, 6150253, 6150868, 6150414, 6149371, 6150659, 6150227, 6149372, 6150867, 6149591, 6149497, 6150413, 6150691, 6150395, 6150869, 6150894, 6149880, 6150398, 6150900, 6149434, 6150063, 6150906, 6150908, 6150907, 6150901, 6149435, 6150209, 6150217];[05:00, 05:20, 05:30, 05:50, 06:00, 06:20, 06:30, 06:50, 07:00, 07:00, 07:20, 07:20, 07:30, 07:50, 08:00, 08:00, 08:20, 08:20, 08:30, 08:50, 09:00, 09:00, 09:20, 09:20, 09:30, 09:50, 10:00, 10:00, 10:20, 10:20, 10:30, 10:50, 11:00, 11:00, 11:20, 11:20, 11:30, 11:50, 12:00, 12:00, 12:20, 12:20, 12:30, 12:50, 13:00, 13:00, 13:20, 13:20, 13:30, 13:50, 14:00, 14:00, 14:20, 14:20, 14:30, 14:50, 15:00, 15:00, 15:20, 15:20, 15:30, 15:50, 16:00, 16:00, 16:20, 16:20, 16:30, 16:50, 17:00, 17:00, 17:20, 17:20, 17:30, 17:50, 18:00, 18:00, 18:20, 18:20, 18:30, 18:50, 19:00, 19:20];[[0, 1, 2, 3, 4], [0, 1, 2, 3, 4], [0, 1, 2, 3, 4], [0, 1, 2, 3, 4], [0, 1, 2, 3, 4], [0, 1, 2, 3, 4], [0, 1, 2, 3, 4], [0, 1, 2, 3, 4], [0, 1, 2, 3, 4], [5], [0, 1, 2, 3, 4], [5], [0, 1, 2, 3, 4], [0, 1, 2, 3, 4], [0, 1, 2, 3, 4], [5], [0, 1, 2, 3, 4], [5], [0, 1, 2, 3, 4], [0, 1, 2, 3, 4], [0, 1, 2, 3, 4], [5], [0, 1, 2, 3, 4], [5], [0, 1, 2, 3, 4], [0, 1, 2, 3, 4], [0, 1, 2, 3, 4], [5], [0, 1, 2, 3, 4], [5], [0, 1, 2, 3, 4], [0, 1, 2, 3, 4], [0, 1, 2, 3, 4], [5], [0, 1, 2, 3, 4], [5], [0, 1, 2, 3, 4], [0, 1, 2, 3, 4], [0, 1, 2, 3, 4], [5], [0, 1, 2, 3, 4], [5], [0, 1, 2, 3, 4], [0, 1, 2, 3, 4], [0, 1, 2, 3, 4], [5], [0, 1, 2, 3, 4], [5], [0, 1, 2, 3, 4], [0, 1, 2, 3, 4], [0, 1, 2, 3, 4], [5], [0, 1, 2, 3, 4], [5], [0, 1, 2, 3, 4], [0, 1, 2, 3, 4], [0, 1, 2, 3, 4], [5], [0, 1, 2, 3, 4], [5], [0, 1, 2, 3, 4], [0, 1, 2, 3, 4], [0, 1, 2, 3, 4], [5], [0, 1, 2, 3, 4], [5], [0, 1, 2, 3, 4], [0, 1, 2, 3, 4], [0, 1, 2, 3, 4], [5], [0, 1, 2, 3, 4], [5], [0, 1, 2, 3, 4], [0, 1, 2, 3, 4], [0, 1, 2, 3, 4], [5], [0, 1, 2, 3, 4], [5], [0, 1, 2, 3, 4], [0, 1, 2, 3, 4], [0, 1, 2, 3, 4], [0, 1, 2, 3, 4]]
9;MERRIMACK COLLEGE VIA SOUTH UNION STREET/NORTH ANDOVER MALL;[6149624, 6150263, 6150337, 6150697, 6149660, 6149804, 6149482, 6150698, 6149982, 6149480, 6149491, 6150553, 6150018, 6150504, 6149812, 6150552, 6150670, 6150660, 6149700, 6150776, 6150104, 6150381, 6150325, 6150071, 6150824, 6149816, 6150128, 6150317, 6150129, 6149399, 6150326, 6150871, 6150206, 6150780, 6150522, 6150826, 6150895, 6150557, 6149676, 6150834, 6150203, 6150229, 6150358, 6150827, 6150823, 6150384, 6150558, 6150835, 6150938, 6149691, 6149459, 6150119, 6150316, 6149828, 6149794, 6150836, 6150891, 6149815, 6149826, 6149575, 6149479, 6150357, 6149420, 6149805, 6150892, 6149690, 6149827, 6150802, 6149478, 6150620, 6149686, 6150179, 6150207, 6149995, 6149469, 6150526, 6150890, 6149468, 6149389, 6150319, 6150668, 6149436, 6150107, 6150685, 6150669, 6150840, 6150936, 6150507, 6150264, 6149405, 6150694, 6150505, 6149761, 6150783, 6149406, 6150784, 6150695, 6150506, 6150318, 6150870, 6150696, 6150771];[05:15, 05:35, 05:45, 06:05, 06:15, 06:35, 06:45, 07:05, 07:15, 07:15, 07:35, 07:35, 07:45, 08:05, 08:15, 08:15, 08:35, 08:35, 08:45, 09:00, 09:05, 09:15, 09:15, 09:20, 09:35, 09:35, 09:45, 10:00, 10:05, 10:15, 10:15, 10:20, 10:35, 10:35, 10:45, 11:00, 11:05, 11:15, 11:15, 11:20, 11:35, 11:35, 11:45, 12:00, 12:05, 12:15, 12:15, 12:20, 12:35, 12:35, 12:45, 13:00, 13:05, 13:15, 13:15, 13:20, 13:35, 13:35, 13:45, 14:00, 14:05, 14:15, 14:15, 14:20, 14:35, 14:35, 14:45, 15:00, 15:05, 15:15, 15:15, 15:20, 15:35, 15:35, 15:45, 16:00, 16:05, 16:15, 16:15, 16:20, 16:35, 16:35, 16:45, 17:00, 17:05, 17:15, 17:15, 17:20, 17:35, 17:35, 17:45, 18:05, 18:15, 18:15, 18:35, 18:35, 19:00, 19:20, 20:00, 20:20, 21:00, 21:20];[[0, 1, 2, 3, 4], [0, 1, 2, 3, 4], [0, 1, 2, 3, 4], [0, 1, 2, 3, 4], [0, 1, 2, 3, 4], [0, 1, 2, 3, 4], [0, 1, 2, 3, 4], [0, 1, 2, 3, 4], [0, 1, 2, 3, 4], [5], [0, 1, 2, 3, 4], [5], [0, 1, 2, 3, 4], [0, 1, 2, 3, 4], [0, 1, 2, 3, 4], [5], [0, 1, 2, 3, 4], [5], [0, 1, 2, 3, 4], [6], [0, 1, 2, 3, 4], [0, 1, 2, 3, 4], [5], [6], [0, 1, 2, 3, 4], [5], [0, 1, 2, 3, 4], [6], [0, 1, 2, 3, 4], [0, 1, 2, 3, 4], [5], [6], [0, 1, 2, 3, 4], [5], [0, 1, 2, 3, 4], [6], [0, 1, 2, 3, 4], [0, 1, 2, 3, 4], [5], [6], [0, 1, 2, 3, 4], [5], [0, 1, 2, 3, 4], [6], [0, 1, 2, 3, 4], [0, 1, 2, 3, 4], [5], [6], [0, 1, 2, 3, 4], [5], [0, 1, 2, 3, 4], [6], [0, 1, 2, 3, 4], [0, 1, 2, 3, 4], [5], [6], [0, 1, 2, 3, 4], [5], [0, 1, 2, 3, 4], [6], [0, 1, 2, 3, 4], [0, 1, 2, 3, 4], [5], [6], [0, 1, 2, 3, 4], [5], [0, 1, 2, 3, 4], [6], [0, 1, 2, 3, 4], [0, 1, 2, 3, 4], [5], [6], [0, 1, 2, 3, 4], [5], [0, 1, 2, 3, 4], [6], [0, 1, 2, 3, 4], [0, 1, 2, 3, 4], [5], [6], [0, 1, 2, 3, 4], [5], [0, 1, 2, 3, 4], [6], [0, 1, 2, 3, 4], [0, 1, 2, 3, 4], [5], [6], [0, 1, 2, 3, 4], [5], [0, 1, 2, 3, 4], [0, 1, 2, 3, 4], [0, 1, 2, 3, 4], [5], [0, 1, 2, 3, 4], [5], [0, 1, 2, 3, 4], [0, 1, 2, 3, 4], [0, 1, 2, 3, 4], [0, 1, 2, 3, 4], [0, 1, 2, 3, 4], [0, 1, 2, 3, 4]]
