125;Fort-Eureka;[2782020, 1032020, 1068020, 1102020, 3244070, 3218070, 576020, 2430010, 2085020, 389010, 2695020, 1823070, 555020, 2630070, 2587020, 2615010, 885020, 2149010, 2836020, 27070, 679020, 2821070, 2315020, 1896010, 927020, 1721010, 1953020, 157070, 758020, 1340070, 1333020, 242010, 3138020, 2449010, 781020, 935070, 874020, 2761070, 1202020, 322010, 754020, 580010, 341020, 2581070, 1011020, 1267070, 480020, 2397010, 1540020, 3174020, 331010, 1066070, 1935020, 2529070, 2290020, 1666010, 2713020, 94010, 934020, 441020, 1514070, 3262070, 107020, 2346010, 1128020, 58010, 755020, 556070, 1765020, 1046020, 1824070, 2416010, 2600020, 2295010, 1221020, 344070, 3191020, 2728070, 2868020, 2743010, 2498020, 3284010, 1629020, 2814070, 2072020, 944070, 418020, 827010, 541020, 395010, 1019020, 461070, 41020, 832070, 1439020, 3052010, 2398020, 2791010, 26020, 2577070, 369020, 2770070, 2726020, 2016010, 737020, 2139010, 1867020, 3402020, 1444070, 2802070, 1216020, 1905010, 2278020, 657010, 728020, 485020, 720070, 534070, 1764020, 714010, 1265020, 990010, 1022020, 2523020, 2168070, 553070, 2233020, 2741010, 730020, 1722010, 621020, 2811020, 120070, 1233070, 1299020, 1581020, 3335020, 733020, 519070, 2757070];[05:00, 05:11, 05:30, 05:41, 05:41, 05:51, 06:00, 06:10, 06:11, 06:15, 06:30, 06:30, 06:41, 06:51, 07:00, 07:05, 07:11, 07:26, 07:30, 07:37, 07:41, 07:44, 08:01, 08:01, 08:11, 08:21, 08:30, 08:38, 08:41, 08:49, 08:56, 09:02, 09:11, 09:16, 09:29, 09:40, 09:41, 09:51, 09:52, 10:06, 10:11, 10:16, 10:27, 10:36, 10:41, 10:51, 10:56, 10:59, 11:11, 11:22, 11:25, 11:38, 11:41, 11:51, 11:59, 12:07, 12:11, 12:18, 12:28, 12:41, 12:42, 12:51, 12:58, 12:59, 13:11, 13:20, 13:28, 13:35, 13:41, 13:49, 13:51, 14:07, 14:11, 14:14, 14:23, 14:40, 14:41, 14:51, 14:57, 15:01, 15:11, 15:17, 15:27, 15:40, 15:41, 15:51, 15:56, 16:04, 16:11, 16:17, 16:26, 16:40, 16:41, 16:51, 16:56, 17:09, 17:11, 17:17, 17:27, 17:35, 17:41, 17:51, 17:59, 18:05, 18:11, 18:21, 18:29, 18:41, 18:41, 18:46, 18:59, 19:04, 19:11, 19:17, 19:30, 19:41, 19:41, 19:51, 20:02, 20:04, 20:11, 20:14, 20:32, 20:41, 20:42, 20:51, 21:05, 21:07, 21:11, 21:14, 21:35, 21:41, 21:43, 21:51, 22:05, 22:11, 22:41, 22:50, 22:51, 22:58];[[0, 1, 2, 3, 4], [0, 1, 2, 3, 4], [0, 1, 2, 3, 4], [0, 1, 2, 3, 4], [5], [5], [0, 1, 2, 3, 4], [6], [0, 1, 2, 3, 4], [6], [0, 1, 2, 3, 4], [5], [0, 1, 2, 3, 4], [5], [0, 1, 2, 3, 4], [6], [0, 1, 2, 3, 4], [6], [0, 1, 2, 3, 4], [5], [0, 1, 2, 3, 4], [5], [0, 1, 2, 3, 4], [6], [0, 1, 2, 3, 4], [6], [0, 1, 2, 3, 4], [5], [0, 1, 2, 3, 4], [5], [0, 1, 2, 3, 4], [6], [0, 1, 2, 3, 4], [6], [0, 1, 2, 3, 4], [5], [0, 1, 2, 3, 4], [5], [0, 1, 2, 3, 4], [6], [0, 1, 2, 3, 4], [6], [0, 1, 2, 3, 4], [5], [0, 1, 2, 3, 4], [5], [0, 1, 2, 3, 4], [6], [0, 1, 2, 3, 4], [0, 1, 2, 3, 4], [6], [5], [0, 1, 2, 3, 4], [5], [0, 1, 2, 3, 4], [6], [0, 1, 2, 3, 4], [6], [0, 1, 2, 3, 4], [0, 1, 2, 3, 4], [5], [5], [0, 1, 2, 3, 4], [6], [0, 1, 2, 3, 4], [6], [0, 1, 2, 3, 4], [5], [0, 1, 2, 3, 4], [0, 1, 2, 3, 4], [5], [6], [0, 1, 2, 3, 4], [6], [0, 1, 2, 3, 4], [5], [0, 1, 2, 3, 4], [5], [0, 1, 2, 3, 4], [6], [0, 1, 2, 3, 4], [6], [0, 1, 2, 3, 4], [5], [0, 1, 2, 3, 4], [5], [0, 1, 2, 3, 4], [6], [0, 1, 2, 3, 4], [6], [0, 1, 2, 3, 4], [5], [0, 1, 2, 3, 4], [5], [0, 1, 2, 3, 4], [6], [0, 1, 2, 3, 4], [6], [0, 1, 2, 3, 4], [5], [0, 1, 2, 3, 4], [5], [0, 1, 2, 3, 4], [6], [0, 1, 2, 3, 4], [6], [0, 1, 2, 3, 4], [0, 1, 2, 3, 4], [5], [5], [0, 1, 2, 3, 4], [6], [0, 1, 2, 3, 4], [6], [0, 1, 2, 3, 4], [0, 1, 2, 3, 4], [5], [5], [0, 1, 2, 3, 4], [6], [0, 1, 2, 3, 4], [6], [0, 1, 2, 3, 4], [0, 1, 2, 3, 4], [5], [5], [0, 1, 2, 3, 4], [6], [0, 1, 2, 3, 4], [6], [0, 1, 2, 3, 4], [0, 1, 2, 3, 4], [5], [5], [0, 1, 2, 3, 4], [0, 1, 2, 3, 4], [0, 1, 2, 3, 4], [0, 1, 2, 3, 4], [5], [5]]
140;Southshore;[3256020, 2516020, 323020, 2140020, 2305020, 1586020, 464020, 3084020, 2490020, 1776020, 649020, 3238020, 2646020, 1742020, 3409020, 1926020, 61020, 2610020, 1626020, 1346020, 648020, 2074020, 503020, 392020, 967020, 873020, 2751020, 137020, 267020, 2237020, 2594020, 301020];[05:56, 06:31, 06:54, 07:33, 07:54, 08:50, 08:54, 09:52, 09:52, 10:49, 10:53, 11:49, 11:52, 12:48, 12:52, 13:48, 13:52, 14:51, 14:56, 15:45, 15:51, 16:47, 16:53, 17:50, 17:55, 18:52, 18:57, 19:52, 19:54, 20:53, 20:54, 21:54];[[0, 1, 2, 3, 4], [0, 1, 2, 3, 4], [0, 1, 2, 3, 4], [0, 1, 2, 3, 4], [0, 1, 2, 3, 4], [0, 1, 2, 3, 4], [0, 1, 2, 3, 4], [0, 1, 2, 3, 4], [0, 1, 2, 3, 4], [0, 1, 2, 3, 4], [0, 1, 2, 3, 4], [0, 1, 2, 3, 4], [0, 1, 2, 3, 4], [0, 1, 2, 3, 4], [0, 1, 2, 3, 4], [0, 1, 2, 3, 4], [0, 1, 2, 3, 4], [0, 1, 2, 3, 4], [0, 1, 2, 3, 4], [0, 1, 2, 3, 4], [0, 1, 2, 3, 4], [0, 1, 2, 3, 4], [0, 1, 2, 3, 4], [0, 1, 2, 3, 4], [0, 1, 2, 3, 4], [0, 1, 2, 3, 4], [0, 1, 2, 3, 4], [0, 1, 2, 3, 4], [0, 1, 2, 3, 4], [0, 1, 2, 3, 4], [0, 1, 2, 3, 4], [0, 1, 2, 3, 4]]
160;Downriver;[2752020, 2510020, 575020, 397020, 921020, 716020, 929070, 1380070, 2480020, 1960020, 3308070, 2890070, 2476020, 2730070, 347020, 1195070, 2111020, 1023070, 1571020, 2378070, 1515020, 1747070, 2435020, 306020, 124070, 72070, 939020, 1141020, 930070, 505020, 2070, 2607020, 1260070, 2347020, 2736070, 3106020, 196070, 1230020, 1841070, 3015020, 2934070, 2213020, 1545020, 516020, 262020, 2555020, 2462020, 2323020];[05:58, 06:24, 06:58, 07:24, 07:58, 08:26, 08:30, 09:06, 09:11, 09:25, 09:30, 10:06, 10:11, 10:30, 10:35, 11:03, 11:10, 11:30, 11:35, 12:04, 12:10, 12:30, 12:35, 13:06, 13:14, 13:30, 13:33, 14:03, 14:20, 14:31, 14:40, 15:06, 15:18, 15:31, 15:40, 16:00, 16:16, 16:31, 16:45, 17:13, 17:19, 17:31, 18:09, 18:36, 19:13, 19:36, 20:11, 20:37];[[0, 1, 2, 3, 4], [0, 1, 2, 3, 4], [0, 1, 2, 3, 4], [0, 1, 2, 3, 4], [0, 1, 2, 3, 4], [0, 1, 2, 3, 4], [5], [5], [0, 1, 2, 3, 4], [0, 1, 2, 3, 4], [5], [5], [0, 1, 2, 3, 4], [5], [0, 1, 2, 3, 4], [5], [0, 1, 2, 3, 4], [5], [0, 1, 2, 3, 4], [5], [0, 1, 2, 3, 4], [5], [0, 1, 2, 3, 4], [0, 1, 2, 3, 4], [5], [5], [0, 1, 2, 3, 4], [0, 1, 2, 3, 4], [5], [0, 1, 2, 3, 4], [5], [0, 1, 2, 3, 4], [5], [0, 1, 2, 3, 4], [5], [0, 1, 2, 3, 4], [5], [0, 1, 2, 3, 4], [5], [0, 1, 2, 3, 4], [5], [0, 1, 2, 3, 4], [0, 1, 2, 3, 4], [0, 1, 2, 3, 4], [0, 1, 2, 3, 4], [0, 1, 2, 3, 4], [0, 1, 2, 3, 4], [0, 1, 2, 3, 4]]
200;Michigan Local;[1169020, 2173070, 2745010, 455020, 1846020, 1650070, 2235010, 247010, 1741070, 1494020, 1542020, 2281070, 2842010, 111020, 2774070, 2273010, 2200020, 231020, 2285070, 2254010, 2531020, 2043010, 1464070, 444020, 1394020, 3098070, 2806010, 1366070, 1389010, 2268020, 539020, 235070, 1130010, 1408020, 2975070, 215010, 2013020, 430020, 2153070, 1658010, 1717020, 2084070, 756010, 1720020, 118020, 2401070, 2178010, 3282010, 2294070, 2972020, 492020, 3081070, 1971010, 2503020, 726070, 3263010, 293020, 1361020, 2039070, 2304010, 476020, 744070, 500010];[04:55, 05:13, 05:15, 05:55, 06:25, 06:36, 06:41, 07:15, 07:15, 07:21, 07:55, 08:32, 08:34, 08:49, 09:15, 09:15, 09:25, 10:19, 10:33, 10:34, 10:55, 11:15, 11:15, 11:48, 12:25, 12:34, 12:35, 13:15, 13:15, 13:18, 13:55, 14:34, 14:35, 14:48, 15:15, 15:15, 15:25, 16:22, 16:35, 16:36, 16:55, 17:14, 17:15, 17:52, 18:25, 18:33, 18:36, 19:15, 19:15, 19:22, 19:55, 20:33, 20:36, 20:52, 21:15, 21:15, 21:25, 22:24, 22:33, 22:38, 22:55, 23:15, 23:15];[[0, 1, 2, 3, 4], [5], [6], [0, 1, 2, 3, 4], [0, 1, 2, 3, 4], [5], [6], [6], [5], [0, 1, 2, 3, 4], [0, 1, 2, 3, 4], [5], [6], [0, 1, 2, 3, 4], [5], [6], [0, 1, 2, 3, 4], [0, 1, 2, 3, 4], [5], [6], [0, 1, 2, 3, 4], [6], [5], [0, 1, 2, 3, 4], [0, 1, 2, 3, 4], [5], [6], [5], [6], [0, 1, 2, 3, 4], [0, 1, 2, 3, 4], [5], [6], [0, 1, 2, 3, 4], [5], [6], [0, 1, 2, 3, 4], [0, 1, 2, 3, 4], [5], [6], [0, 1, 2, 3, 4], [5], [6], [0, 1, 2, 3, 4], [0, 1, 2, 3, 4], [5], [6], [6], [5], [0, 1, 2, 3, 4], [0, 1, 2, 3, 4], [5], [6], [0, 1, 2, 3, 4], [5], [6], [0, 1, 2, 3, 4], [0, 1, 2, 3, 4], [5], [6], [0, 1, 2, 3, 4], [5], [6]]
210;Michigan Local;[1319020, 1313070, 1933020, 2579070, 2417010, 182020, 416070, 1337010, 1034020, 1842020, 2672070, 2965010, 630020, 3032010, 661070, 2493020, 3295020, 2407070, 1511010, 1904020, 2919070, 2723010, 2649020, 1199070, 240010, 692020, 1282020, 1837070, 155010, 487020, 1913070, 2182010, 2777020, 1644070, 691010, 1368020, 3229020, 1939070, 3278010, 1409020, 3220070, 2561010, 1156020, 1864070, 327010, 2142020, 1681010, 1705070, 1323020, 951020, 2734070, 2180010, 183020, 3039010, 2877070, 2408020, 2334070, 254020, 3376010, 2018020, 3353070, 2354010, 3167020, 1809020, 2786070, 501020, 895020];[04:10, 04:31, 04:53, 05:24, 05:28, 05:40, 06:15, 06:15, 06:23, 07:10, 07:22, 07:24, 07:47, 08:15, 08:15, 08:40, 09:17, 09:20, 09:21, 10:10, 10:15, 10:15, 10:47, 11:21, 11:22, 11:40, 12:14, 12:15, 12:15, 13:10, 13:21, 13:22, 13:44, 14:15, 14:15, 14:40, 15:14, 15:21, 15:22, 16:10, 16:13, 16:15, 16:46, 17:20, 17:22, 17:40, 18:14, 18:14, 18:16, 19:10, 19:21, 19:23, 19:46, 20:15, 20:15, 20:40, 21:16, 21:16, 21:22, 22:10, 22:15, 22:15, 22:51, 23:11, 23:20, 23:40, 24:42];[[0, 1, 2, 3, 4], [5], [0, 1, 2, 3, 4], [5], [6], [0, 1, 2, 3, 4], [5], [6], [0, 1, 2, 3, 4], [0, 1, 2, 3, 4], [5], [6], [0, 1, 2, 3, 4], [6], [5], [0, 1, 2, 3, 4], [0, 1, 2, 3, 4], [5], [6], [0, 1, 2, 3, 4], [5], [6], [0, 1, 2, 3, 4], [5], [6], [0, 1, 2, 3, 4], [0, 1, 2, 3, 4], [5], [6], [0, 1, 2, 3, 4], [5], [6], [0, 1, 2, 3, 4], [5], [6], [0, 1, 2, 3, 4], [0, 1, 2, 3, 4], [5], [6], [0, 1, 2, 3, 4], [5], [6], [0, 1, 2, 3, 4], [5], [6], [0, 1, 2, 3, 4], [6], [5], [0, 1, 2, 3, 4], [0, 1, 2, 3, 4], [5], [6], [0, 1, 2, 3, 4], [6], [5], [0, 1, 2, 3, 4], [5], [0, 1, 2, 3, 4], [6], [0, 1, 2, 3, 4], [5], [6], [0, 1, 2, 3, 4], [0, 1, 2, 3, 4], [5], [0, 1, 2, 3, 4], [0, 1, 2, 3, 4]]
250;Ford Road;[2998020, 2465020, 2100020, 2671020, 1726020, 2026020, 1085020, 454020, 865020, 1035020, 2242020, 770020, 1786020, 102020, 1778020, 3321020, 2601020, 134020, 2119020, 2573020, 264020, 2144020, 1946020, 824020, 1007020, 3082020, 2266020, 3365020, 1683020, 3123020, 789020, 806020, 271020, 434020];[05:52, 05:56, 06:47, 06:54, 07:50, 08:12, 08:51, 09:08, 09:50, 10:06, 10:50, 11:07, 11:53, 12:06, 12:53, 13:04, 13:53, 14:04, 14:53, 15:01, 16:01, 16:03, 16:52, 17:07, 17:52, 18:13, 18:49, 19:13, 19:48, 20:13, 20:48, 21:05, 21:48, 22:43];[[0, 1, 2, 3, 4], [0, 1, 2, 3, 4], [0, 1, 2, 3, 4], [0, 1, 2, 3, 4], [0, 1, 2, 3, 4], [0, 1, 2, 3, 4], [0, 1, 2, 3, 4], [0, 1, 2, 3, 4], [0, 1, 2, 3, 4], [0, 1, 2, 3, 4], [0, 1, 2, 3, 4], [0, 1, 2, 3, 4], [0, 1, 2, 3, 4], [0, 1, 2, 3, 4], [0, 1, 2, 3, 4], [0, 1, 2, 3, 4], [0, 1, 2, 3, 4], [0, 1, 2, 3, 4], [0, 1, 2, 3, 4], [0, 1, 2, 3, 4], [0, 1, 2, 3, 4], [0, 1, 2, 3, 4], [0, 1, 2, 3, 4], [0, 1, 2, 3, 4], [0, 1, 2, 3, 4], [0, 1, 2, 3, 4], [0, 1, 2, 3, 4], [0, 1, 2, 3, 4], [0, 1, 2, 3, 4], [0, 1, 2, 3, 4], [0, 1, 2, 3, 4], [0, 1, 2, 3, 4], [0, 1, 2, 3, 4], [0, 1, 2, 3, 4]]
255;Ford Road Express;[370020, 2923020, 1044020, 2694020];[05:56, 06:23, 15:40, 16:40];[[0, 1, 2, 3, 4], [0, 1, 2, 3, 4], [0, 1, 2, 3, 4], [0, 1, 2, 3, 4]]
261;FAST Michigan;[2856070, 1210020, 2457070, 1547020, 3221070, 30020, 635020, 133070, 2391010, 2195070, 55020, 475020, 2939070, 3268010, 1692010, 3053020, 805020, 428070, 2110070, 2524010, 776010, 1992020, 1386020, 999070, 359020, 1839010, 1219070, 2433010, 1899020, 582020, 659070, 1504020, 1453010, 1521020, 406070, 1178010, 1550020, 1168020, 520070, 528010, 2399020, 3236020, 1073010, 420070, 1105020, 1078020, 248070, 3362010, 945020, 3323020, 2061010, 680020, 517070, 862020, 933020, 654070, 1579010, 1457010, 2082020, 931020, 1198070, 472070, 2047020, 1911020, 2927010, 3108020, 2321010, 2208020, 1732070, 1923070, 438020, 46010, 663020, 453020, 1423010, 1172020, 2137070, 462020, 20070, 74020, 1508010, 2801020, 981010, 969020, 138070, 2718020, 3272070, 504020, 3250010, 1326020, 283010, 3153020, 3216070, 295020, 3341070, 3279020, 1567010, 3283010, 2528070, 3203020, 815020, 2068020, 1524010, 44010, 2036020, 952070, 1163070, 2929020, 631020, 285010, 2841010, 3406070, 1770070, 1872020, 2619020, 2194020, 2535010, 3074010, 559070, 2176070, 712020, 2592020, 2229010, 209070, 1949020, 856020, 3188010, 3209070, 2164020, 1098020, 2155070, 804010, 1277020, 443020, 2454010, 1367020, 3368070, 2050020, 828070, 114010, 1080020, 971020, 1017010, 1687020, 1318070, 1441020, 912070, 2382020, 2843070];[04:53, 04:55, 04:55, 04:58, 05:28, 05:30, 05:43, 05:47, 05:55, 06:23, 06:25, 06:29, 06:32, 06:33, 06:40, 07:07, 07:09, 07:11, 07:15, 07:17, 07:18, 07:37, 07:46, 07:53, 08:01, 08:03, 08:14, 08:15, 08:18, 08:30, 08:34, 08:41, 08:43, 09:07, 09:13, 09:15, 09:17, 09:31, 09:40, 09:42, 09:45, 09:59, 10:04, 10:09, 10:12, 10:29, 10:40, 10:41, 10:47, 10:59, 11:04, 11:09, 11:11, 11:29, 11:39, 11:41, 11:41, 12:05, 12:06, 12:09, 12:10, 12:30, 12:31, 12:38, 12:41, 12:59, 13:05, 13:08, 13:10, 13:32, 13:34, 13:41, 13:46, 13:59, 14:05, 14:10, 14:12, 14:29, 14:32, 14:38, 14:41, 15:01, 15:06, 15:08, 15:13, 15:29, 15:34, 15:38, 15:41, 15:59, 16:05, 16:08, 16:11, 16:29, 16:34, 16:38, 16:41, 16:43, 16:46, 17:02, 17:04, 17:23, 17:28, 17:31, 17:33, 17:34, 17:44, 17:48, 18:05, 18:11, 18:14, 18:17, 18:25, 18:28, 18:41, 18:57, 19:02, 19:05, 19:06, 19:14, 19:16, 19:26, 19:41, 19:42, 19:49, 19:59, 20:05, 20:14, 20:26, 20:29, 20:41, 20:42, 20:49, 20:58, 21:16, 21:19, 21:26, 21:40, 21:41, 21:41, 21:49, 21:58, 22:16, 22:19, 22:26, 22:28, 22:41, 22:49, 23:16];[[5], [0, 1, 2, 3, 4], [5], [0, 1, 2, 3, 4], [5], [0, 1, 2, 3, 4], [0, 1, 2, 3, 4], [5], [6], [5], [0, 1, 2, 3, 4], [0, 1, 2, 3, 4], [5], [6], [6], [0, 1, 2, 3, 4], [0, 1, 2, 3, 4], [5], [5], [6], [6], [0, 1, 2, 3, 4], [0, 1, 2, 3, 4], [5], [0, 1, 2, 3, 4], [6], [5], [6], [0, 1, 2, 3, 4], [0, 1, 2, 3, 4], [5], [0, 1, 2, 3, 4], [6], [0, 1, 2, 3, 4], [5], [6], [0, 1, 2, 3, 4], [0, 1, 2, 3, 4], [5], [6], [0, 1, 2, 3, 4], [0, 1, 2, 3, 4], [6], [5], [0, 1, 2, 3, 4], [0, 1, 2, 3, 4], [5], [6], [0, 1, 2, 3, 4], [0, 1, 2, 3, 4], [6], [0, 1, 2, 3, 4], [5], [0, 1, 2, 3, 4], [0, 1, 2, 3, 4], [5], [6], [6], [0, 1, 2, 3, 4], [0, 1, 2, 3, 4], [5], [5], [0, 1, 2, 3, 4], [0, 1, 2, 3, 4], [6], [0, 1, 2, 3, 4], [6], [0, 1, 2, 3, 4], [5], [5], [0, 1, 2, 3, 4], [6], [0, 1, 2, 3, 4], [0, 1, 2, 3, 4], [6], [0, 1, 2, 3, 4], [5], [0, 1, 2, 3, 4], [5], [0, 1, 2, 3, 4], [6], [0, 1, 2, 3, 4], [6], [0, 1, 2, 3, 4], [5], [0, 1, 2, 3, 4], [5], [0, 1, 2, 3, 4], [6], [0, 1, 2, 3, 4], [6], [0, 1, 2, 3, 4], [5], [0, 1, 2, 3, 4], [5], [0, 1, 2, 3, 4], [6], [6], [5], [0, 1, 2, 3, 4], [0, 1, 2, 3, 4], [0, 1, 2, 3, 4], [6], [6], [0, 1, 2, 3, 4], [5], [5], [0, 1, 2, 3, 4], [0, 1, 2, 3, 4], [6], [6], [5], [5], [0, 1, 2, 3, 4], [0, 1, 2, 3, 4], [0, 1, 2, 3, 4], [6], [6], [5], [5], [0, 1, 2, 3, 4], [0, 1, 2, 3, 4], [6], [5], [0, 1, 2, 3, 4], [0, 1, 2, 3, 4], [6], [5], [0, 1, 2, 3, 4], [0, 1, 2, 3, 4], [5], [6], [0, 1, 2, 3, 4], [0, 1, 2, 3, 4], [6], [0, 1, 2, 3, 4], [5], [0, 1, 2, 3, 4], [5], [6], [0, 1, 2, 3, 4], [0, 1, 2, 3, 4], [6], [0, 1, 2, 3, 4], [5], [0, 1, 2, 3, 4], [5], [0, 1, 2, 3, 4], [5]]
275;Telegraph South;[1052020, 2014020, 2776020, 2700020, 151070, 747020, 796020, 1222070, 1787070, 2171020, 1006020, 669070, 1918020, 2388020, 1773070, 3090020, 1174020, 9070, 1575070, 1811020, 624020, 759070, 1411020, 3378020, 572070, 601020, 3189020, 1576070, 326020, 2059020, 393070, 1929020, 1994070, 514020, 2271070, 1607020, 2410020, 2699070, 419020, 174020, 2976070, 1861070, 67020, 1510020, 898070, 1543070, 1682020, 2101020, 349070, 2114020, 1103020, 2099070, 3050020, 875020, 2881070, 1719020, 3211020, 1245070, 842020, 1734020, 835070, 2389070, 2962020, 2979020, 3312070, 50020, 95070, 3298070, 569020, 2372070, 3204020, 2719070, 3293020, 1490020, 2487070, 1256020, 2631020, 2243020];[05:36, 05:40, 06:17, 06:20, 06:31, 06:57, 07:01, 07:07, 07:34, 07:37, 07:41, 08:04, 08:17, 08:21, 08:34, 08:57, 09:00, 09:06, 09:34, 09:37, 09:41, 10:09, 10:16, 10:21, 10:34, 10:55, 11:01, 11:21, 11:30, 11:41, 11:44, 12:14, 12:16, 12:21, 12:44, 12:51, 13:01, 13:09, 13:29, 13:40, 13:40, 13:41, 14:11, 14:21, 14:27, 14:40, 14:53, 15:01, 15:20, 15:33, 15:41, 15:56, 16:13, 16:21, 16:29, 16:53, 17:03, 17:11, 17:33, 17:41, 17:41, 18:03, 18:21, 18:32, 18:38, 19:11, 19:16, 19:37, 19:37, 20:09, 20:11, 20:35, 20:52, 21:02, 21:04, 21:52, 22:16, 22:41];[[0, 1, 2, 3, 4], [0, 1, 2, 3, 4], [0, 1, 2, 3, 4], [0, 1, 2, 3, 4], [5], [0, 1, 2, 3, 4], [0, 1, 2, 3, 4], [5], [5], [0, 1, 2, 3, 4], [0, 1, 2, 3, 4], [5], [0, 1, 2, 3, 4], [0, 1, 2, 3, 4], [5], [0, 1, 2, 3, 4], [0, 1, 2, 3, 4], [5], [5], [0, 1, 2, 3, 4], [0, 1, 2, 3, 4], [5], [0, 1, 2, 3, 4], [0, 1, 2, 3, 4], [5], [0, 1, 2, 3, 4], [0, 1, 2, 3, 4], [5], [0, 1, 2, 3, 4], [0, 1, 2, 3, 4], [5], [0, 1, 2, 3, 4], [5], [0, 1, 2, 3, 4], [5], [0, 1, 2, 3, 4], [0, 1, 2, 3, 4], [5], [0, 1, 2, 3, 4], [0, 1, 2, 3, 4], [5], [5], [0, 1, 2, 3, 4], [0, 1, 2, 3, 4], [5], [5], [0, 1, 2, 3, 4], [0, 1, 2, 3, 4], [5], [0, 1, 2, 3, 4], [0, 1, 2, 3, 4], [5], [0, 1, 2, 3, 4], [0, 1, 2, 3, 4], [5], [0, 1, 2, 3, 4], [0, 1, 2, 3, 4], [5], [0, 1, 2, 3, 4], [0, 1, 2, 3, 4], [5], [5], [0, 1, 2, 3, 4], [0, 1, 2, 3, 4], [5], [0, 1, 2, 3, 4], [5], [5], [0, 1, 2, 3, 4], [5], [0, 1, 2, 3, 4], [5], [0, 1, 2, 3, 4], [0, 1, 2, 3, 4], [5], [0, 1, 2, 3, 4], [0, 1, 2, 3, 4], [0, 1, 2, 3, 4]]
280;Western Wayne Crosstown;[21020, 798070, 3030010, 310020, 1379010, 1257070, 3267020, 2792010, 551070, 1115020, 2589020, 477010, 568070, 2423010, 2400070, 113020, 529020, 1352070, 2201010, 432010, 2453070, 145020, 2109020, 2688010, 609020, 2409010, 3136070, 535070, 1588020, 1154020, 2086010, 3132020, 1990070, 1937010, 1761070, 1983020, 871020, 2370010, 1138010, 2779070, 1880070, 2029020, 723020, 655010, 1176010, 2514070, 612070, 605020, 2087020, 176010, 13070, 760010, 3275020, 2537070, 368020, 216010, 545020, 1642070, 2344020, 1560070, 686010, 1091020, 2218070, 1955010, 578070, 3059010, 3235020, 1152020, 186020, 1689070, 3162010, 880070, 2404010, 1870020, 2515020, 3194020, 1087070, 3314010, 2353070, 2373010, 1900020, 3063020, 2246010, 963070, 917020, 2624070, 2156020, 1769020, 1962070, 330070, 1866020, 757070];[04:46, 05:00, 05:00, 05:46, 06:00, 06:00, 06:00, 06:08, 06:11, 06:46, 07:00, 07:14, 07:15, 07:15, 07:23, 07:46, 08:00, 08:26, 08:26, 08:31, 08:38, 08:46, 09:00, 09:42, 09:46, 09:52, 09:52, 09:55, 10:00, 10:46, 11:00, 11:00, 11:04, 11:08, 11:10, 11:48, 11:58, 12:17, 12:20, 12:24, 12:26, 12:46, 13:00, 13:21, 13:31, 13:34, 13:35, 13:43, 14:00, 14:35, 14:39, 14:43, 14:45, 14:54, 15:00, 15:49, 15:50, 15:59, 16:00, 16:03, 16:07, 16:48, 17:10, 17:13, 17:16, 17:20, 17:23, 17:46, 18:00, 18:26, 18:27, 18:38, 18:40, 18:48, 19:00, 19:45, 19:45, 19:45, 19:53, 19:55, 20:00, 20:41, 21:00, 21:00, 21:05, 21:08, 21:42, 22:00, 22:15, 22:19, 23:00, 23:30];[[0, 1, 2, 3, 4], [5], [6], [0, 1, 2, 3, 4], [6], [5], [0, 1, 2, 3, 4], [6], [5], [0, 1, 2, 3, 4], [0, 1, 2, 3, 4], [6], [5], [6], [5], [0, 1, 2, 3, 4], [0, 1, 2, 3, 4], [5], [6], [6], [5], [0, 1, 2, 3, 4], [0, 1, 2, 3, 4], [6], [0, 1, 2, 3, 4], [6], [5], [5], [0, 1, 2, 3, 4], [0, 1, 2, 3, 4], [6], [0, 1, 2, 3, 4], [5], [6], [5], [0, 1, 2, 3, 4], [0, 1, 2, 3, 4], [6], [6], [5], [5], [0, 1, 2, 3, 4], [0, 1, 2, 3, 4], [6], [6], [5], [5], [0, 1, 2, 3, 4], [0, 1, 2, 3, 4], [6], [5], [6], [0, 1, 2, 3, 4], [5], [0, 1, 2, 3, 4], [6], [0, 1, 2, 3, 4], [5], [0, 1, 2, 3, 4], [5], [6], [0, 1, 2, 3, 4], [5], [6], [5], [6], [0, 1, 2, 3, 4], [0, 1, 2, 3, 4], [0, 1, 2, 3, 4], [5], [6], [5], [6], [0, 1, 2, 3, 4], [0, 1, 2, 3, 4], [0, 1, 2, 3, 4], [5], [6], [5], [6], [0, 1, 2, 3, 4], [0, 1, 2, 3, 4], [6], [5], [0, 1, 2, 3, 4], [5], [0, 1, 2, 3, 4], [0, 1, 2, 3, 4], [5], [5], [0, 1, 2, 3, 4], [5]]
305;Grand River;[2467010, 540020, 1875070, 2715010, 29010, 204020, 3110070, 1273020, 2386070, 71010, 460010, 632020, 230070, 1351070, 1393020, 1831010, 3171010, 343020, 2320070, 1780070, 372020, 11010, 1703010, 426020, 2816070, 2106070, 1429020, 313010, 1707010, 1713020, 2645070, 1251070, 823020, 25010, 2641010, 3002020, 3170070, 3070, 1239020, 1871010, 2569010, 2049020, 2918070, 324020, 3292070, 2468010, 1171010, 1188020, 1040020, 583070, 597070, 2263010, 936010, 1426020, 2773020, 884070, 3054070, 2544010, 790010, 1427020, 1984070, 2479020, 2992070, 2609010, 296010, 2838020, 637070, 1120070, 1428020, 3391010, 526010, 1565020, 225070, 1664070, 2028020, 42010, 1757010, 3064070, 3146020, 3196020, 518070, 187010, 1772010, 1392020, 266070, 1041070, 3254020, 2864010, 396070, 668020, 1050070, 1184020, 3178070, 3386020, 2651020, 2274070, 1796020, 2846070];[05:54, 06:19, 06:25, 06:55, 06:56, 07:19, 07:25, 07:28, 07:32, 07:54, 08:03, 08:21, 08:24, 08:32, 08:33, 08:55, 09:08, 09:25, 09:27, 09:32, 09:33, 10:00, 10:07, 10:23, 10:27, 10:32, 10:33, 11:00, 11:07, 11:23, 11:26, 11:32, 11:33, 12:05, 12:07, 12:23, 12:24, 12:33, 12:34, 13:00, 13:07, 13:26, 13:32, 13:33, 13:35, 14:00, 14:09, 14:26, 14:29, 14:30, 14:32, 15:00, 15:07, 15:26, 15:29, 15:30, 15:32, 16:00, 16:07, 16:26, 16:28, 16:29, 16:34, 17:00, 17:05, 17:26, 17:30, 17:34, 17:35, 18:00, 18:04, 18:30, 18:35, 18:39, 18:40, 19:00, 19:05, 19:34, 19:35, 19:35, 19:35, 20:00, 20:17, 20:30, 20:35, 20:38, 20:41, 21:15, 21:34, 21:35, 21:35, 21:35, 22:39, 22:40, 22:40, 22:40, 23:30, 23:34];[[6], [0, 1, 2, 3, 4], [5], [6], [6], [0, 1, 2, 3, 4], [5], [0, 1, 2, 3, 4], [5], [6], [6], [0, 1, 2, 3, 4], [5], [5], [0, 1, 2, 3, 4], [6], [6], [0, 1, 2, 3, 4], [5], [5], [0, 1, 2, 3, 4], [6], [6], [0, 1, 2, 3, 4], [5], [5], [0, 1, 2, 3, 4], [6], [6], [0, 1, 2, 3, 4], [5], [5], [0, 1, 2, 3, 4], [6], [6], [0, 1, 2, 3, 4], [5], [5], [0, 1, 2, 3, 4], [6], [6], [0, 1, 2, 3, 4], [5], [0, 1, 2, 3, 4], [5], [6], [6], [0, 1, 2, 3, 4], [0, 1, 2, 3, 4], [5], [5], [6], [6], [0, 1, 2, 3, 4], [0, 1, 2, 3, 4], [5], [5], [6], [6], [0, 1, 2, 3, 4], [5], [0, 1, 2, 3, 4], [5], [6], [6], [0, 1, 2, 3, 4], [5], [5], [0, 1, 2, 3, 4], [6], [6], [0, 1, 2, 3, 4], [5], [5], [0, 1, 2, 3, 4], [6], [6], [5], [0, 1, 2, 3, 4], [0, 1, 2, 3, 4], [5], [6], [6], [0, 1, 2, 3, 4], [5], [5], [0, 1, 2, 3, 4], [6], [5], [0, 1, 2, 3, 4], [5], [0, 1, 2, 3, 4], [5], [0, 1, 2, 3, 4], [0, 1, 2, 3, 4], [5], [0, 1, 2, 3, 4], [5]]
350;Wixom;[1047070, 670020, 1745020, 1697070, 2010020, 236070, 709020, 1987070, 2585010, 2129020, 665070, 3045010, 897070, 938020, 1397010, 1636010, 3388070, 85020, 3327010, 2911070, 2107020, 2181020, 2834010, 774070, 777020, 3129010, 1183070, 1714010, 2805070, 748020, 2689010, 711070, 3334020, 1401070, 1482010, 1886020, 3160070, 2899010, 2691020, 2337020, 3109010, 2657070, 3100070, 2710010, 1242020, 1691010, 3169020, 481070, 1643020, 2916010, 1203070, 1264070, 126010, 2342020, 378020, 1816010, 1462070, 1248010, 1502020, 964070, 3018010, 3179020, 1784070, 1486020, 2921010, 591070, 1965020, 975070, 640010, 3140010, 1991020, 2618070, 318070, 1364020, 1133010, 2665020, 2663070, 2800010, 463020, 2120070, 2768010, 1548070, 2500010, 173020, 259070, 3224020, 250020, 2095070, 1781070, 2067020, 1481070, 2260020, 2906020, 780070, 2037070, 2986020, 2270070, 265020, 2969070, 197020, 2135020, 1255070];[06:35, 06:35, 07:15, 07:15, 07:25, 07:25, 08:05, 08:05, 08:10, 08:15, 08:15, 08:20, 08:55, 08:55, 08:55, 09:05, 09:05, 09:05, 09:45, 09:45, 09:45, 09:55, 09:55, 09:55, 10:35, 10:35, 10:35, 10:45, 10:45, 10:45, 11:25, 11:25, 11:25, 11:35, 11:35, 11:35, 12:15, 12:15, 12:15, 12:25, 12:25, 12:25, 13:05, 13:05, 13:05, 13:15, 13:15, 13:15, 13:55, 13:55, 13:55, 14:05, 14:05, 14:05, 14:45, 14:45, 14:45, 14:55, 14:55, 14:55, 15:35, 15:35, 15:35, 15:45, 15:45, 15:45, 16:25, 16:25, 16:25, 16:35, 16:35, 16:35, 17:15, 17:15, 17:15, 17:25, 17:25, 17:25, 18:05, 18:05, 18:05, 18:15, 18:15, 18:15, 18:55, 18:55, 19:05, 19:05, 19:45, 19:45, 19:55, 19:55, 20:35, 20:35, 20:45, 20:45, 21:25, 21:25, 21:35, 21:35, 22:15, 22:15];[[5], [0, 1, 2, 3, 4], [0, 1, 2, 3, 4], [5], [0, 1, 2, 3, 4], [5], [0, 1, 2, 3, 4], [5], [6], [0, 1, 2, 3, 4], [5], [6], [5], [0, 1, 2, 3, 4], [6], [6], [5], [0, 1, 2, 3, 4], [6], [5], [0, 1, 2, 3, 4], [0, 1, 2, 3, 4], [6], [5], [0, 1, 2, 3, 4], [6], [5], [6], [5], [0, 1, 2, 3, 4], [6], [5], [0, 1, 2, 3, 4], [5], [6], [0, 1, 2, 3, 4], [5], [6], [0, 1, 2, 3, 4], [0, 1, 2, 3, 4], [6], [5], [5], [6], [0, 1, 2, 3, 4], [6], [0, 1, 2, 3, 4], [5], [0, 1, 2, 3, 4], [6], [5], [5], [6], [0, 1, 2, 3, 4], [0, 1, 2, 3, 4], [6], [5], [6], [0, 1, 2, 3, 4], [5], [6], [0, 1, 2, 3, 4], [5], [0, 1, 2, 3, 4], [6], [5], [0, 1, 2, 3, 4], [5], [6], [6], [0, 1, 2, 3, 4], [5], [5], [0, 1, 2, 3, 4], [6], [0, 1, 2, 3, 4], [5], [6], [0, 1, 2, 3, 4], [5], [6], [5], [6], [0, 1, 2, 3, 4], [5], [0, 1, 2, 3, 4], [0, 1, 2, 3, 4], [5], [5], [0, 1, 2, 3, 4], [5], [0, 1, 2, 3, 4], [0, 1, 2, 3, 4], [5], [5], [0, 1, 2, 3, 4], [5], [0, 1, 2, 3, 4], [5], [0, 1, 2, 3, 4], [0, 1, 2, 3, 4], [5]]
375;Telegraph North;[159020, 664070, 1300070, 3195020, 3246020, 1952070, 1134020, 2925070, 3061020, 512070, 2725020, 550070, 1667020, 1003070, 2343070, 40020, 1792020, 2167070, 1897070, 725020, 836020, 161070, 861070, 1189020, 3393020, 3306070, 466070, 2225020, 1805020, 294070, 319070, 128020, 932020, 863070, 1036070, 1597020, 2247020, 100070, 207070, 245020, 2825020, 3349070, 1274070, 452020, 1268020, 2552070, 2158070, 3329020, 2606020, 1751070, 1735070, 75020, 736020, 2226070, 1060070, 353020, 78020, 641070, 1611070, 546020, 1553020, 1147070, 1863070, 1225020, 1477020, 869070, 2521020, 802020, 83020];[05:42, 05:45, 06:00, 06:04, 06:38, 06:42, 06:57, 07:00, 07:38, 07:42, 07:59, 08:00, 08:38, 08:42, 09:00, 09:03, 09:38, 09:42, 10:00, 10:05, 10:38, 10:42, 11:00, 11:05, 11:38, 11:42, 12:00, 12:05, 12:38, 12:42, 13:00, 13:05, 13:37, 13:42, 14:00, 14:04, 14:37, 14:42, 15:00, 15:04, 15:37, 15:40, 16:00, 16:04, 16:38, 16:43, 17:00, 17:00, 17:38, 17:42, 18:00, 18:04, 18:38, 18:42, 19:00, 19:04, 19:38, 19:42, 20:00, 20:11, 20:38, 20:42, 21:00, 21:11, 21:38, 22:00, 22:10, 22:38, 23:15];[[0, 1, 2, 3, 4], [5], [5], [0, 1, 2, 3, 4], [0, 1, 2, 3, 4], [5], [0, 1, 2, 3, 4], [5], [0, 1, 2, 3, 4], [5], [0, 1, 2, 3, 4], [5], [0, 1, 2, 3, 4], [5], [5], [0, 1, 2, 3, 4], [0, 1, 2, 3, 4], [5], [5], [0, 1, 2, 3, 4], [0, 1, 2, 3, 4], [5], [5], [0, 1, 2, 3, 4], [0, 1, 2, 3, 4], [5], [5], [0, 1, 2, 3, 4], [0, 1, 2, 3, 4], [5], [5], [0, 1, 2, 3, 4], [0, 1, 2, 3, 4], [5], [5], [0, 1, 2, 3, 4], [0, 1, 2, 3, 4], [5], [5], [0, 1, 2, 3, 4], [0, 1, 2, 3, 4], [5], [5], [0, 1, 2, 3, 4], [0, 1, 2, 3, 4], [5], [5], [0, 1, 2, 3, 4], [0, 1, 2, 3, 4], [5], [5], [0, 1, 2, 3, 4], [0, 1, 2, 3, 4], [5], [5], [0, 1, 2, 3, 4], [0, 1, 2, 3, 4], [5], [5], [0, 1, 2, 3, 4], [0, 1, 2, 3, 4], [5], [5], [0, 1, 2, 3, 4], [0, 1, 2, 3, 4], [5], [0, 1, 2, 3, 4], [0, 1, 2, 3, 4], [0, 1, 2, 3, 4]]
405;Northwestern Highway;[3014020, 554020, 585020, 205020, 398020, 2121070, 2703020, 911070, 2543020, 2499070, 2673020, 1518070, 2598020, 2784070, 2977020, 906070, 1148020, 2810070, 2759020, 558070, 3399020, 2452070, 493020, 2403070, 2971020, 761070, 2582020, 3343070, 287020, 2702070, 1472020, 3043070, 3058020, 1752070, 2893020, 2957070, 2690020, 1374070, 1598020, 547070, 3125020, 2169070, 3269020, 1190070, 881020, 3092070, 3258020, 412070, 2660020, 2519070, 2316020, 1690070, 1140020, 3377020, 1620020, 350020, 1357020, 1416020];[05:29, 05:58, 06:29, 06:58, 07:29, 07:55, 07:58, 08:26, 08:29, 08:55, 08:58, 09:26, 09:29, 09:55, 09:58, 10:26, 10:29, 10:55, 10:57, 11:26, 11:29, 11:55, 11:58, 12:27, 12:29, 12:55, 12:58, 13:27, 13:28, 13:55, 13:58, 14:27, 14:28, 14:55, 14:58, 15:27, 15:41, 15:55, 15:58, 16:27, 16:41, 16:55, 16:58, 17:28, 17:30, 17:55, 17:58, 18:27, 18:30, 18:55, 18:58, 19:27, 19:30, 19:58, 20:30, 20:58, 21:30, 21:58];[[0, 1, 2, 3, 4], [0, 1, 2, 3, 4], [0, 1, 2, 3, 4], [0, 1, 2, 3, 4], [0, 1, 2, 3, 4], [5], [0, 1, 2, 3, 4], [5], [0, 1, 2, 3, 4], [5], [0, 1, 2, 3, 4], [5], [0, 1, 2, 3, 4], [5], [0, 1, 2, 3, 4], [5], [0, 1, 2, 3, 4], [5], [0, 1, 2, 3, 4], [5], [0, 1, 2, 3, 4], [5], [0, 1, 2, 3, 4], [5], [0, 1, 2, 3, 4], [5], [0, 1, 2, 3, 4], [5], [0, 1, 2, 3, 4], [5], [0, 1, 2, 3, 4], [5], [0, 1, 2, 3, 4], [5], [0, 1, 2, 3, 4], [5], [0, 1, 2, 3, 4], [5], [0, 1, 2, 3, 4], [5], [0, 1, 2, 3, 4], [5], [0, 1, 2, 3, 4], [5], [0, 1, 2, 3, 4], [5], [0, 1, 2, 3, 4], [5], [0, 1, 2, 3, 4], [5], [0, 1, 2, 3, 4], [5], [0, 1, 2, 3, 4], [0, 1, 2, 3, 4], [0, 1, 2, 3, 4], [0, 1, 2, 3, 4], [0, 1, 2, 3, 4], [0, 1, 2, 3, 4]]
415;Greenfield;[1167020, 1608070, 870020, 1820070, 2567020, 1206070, 3277020, 494070, 221010, 1612010, 614010, 468020, 2722070, 2470010, 570020, 43070, 3305010, 843010, 2883070, 2165020, 1070010, 3143020, 2987070, 1437010, 2206010, 3223010, 3403070, 1406020, 57020, 2902070, 1081010, 1959010, 1129010, 2357070, 1157020, 937020, 683010, 1891070, 1561010, 1192010, 677070, 1113020, 373020, 19070, 233010, 3112010, 3134010, 1600020, 813070, 3287010, 329020, 3303070, 269010, 2501010, 387070, 2534020, 1910010, 1418020, 33070, 409010, 3396010, 676010, 261020, 2616070, 841020, 1526070, 3206010, 2210010, 980070, 3096020, 1342010, 1934020, 3359010, 506070, 662010, 2466010, 2079070, 177020, 65020, 851070, 333010, 1348010, 3101010, 2162070, 2012020, 1813010, 2704070, 2747020, 763010, 2092010, 2857020, 2859070, 1782010, 1247070, 3037020, 3072010, 2146020];[06:15, 06:15, 06:21, 06:24, 07:25, 07:25, 07:30, 07:32, 07:35, 07:50, 08:20, 08:35, 08:35, 08:35, 08:40, 08:42, 09:05, 09:20, 09:45, 09:45, 09:50, 10:00, 10:02, 10:05, 10:35, 10:50, 11:05, 11:05, 11:10, 11:12, 11:20, 11:35, 12:05, 12:15, 12:15, 12:20, 12:20, 12:22, 12:50, 13:05, 13:25, 13:25, 13:30, 13:32, 13:35, 13:50, 14:20, 14:35, 14:35, 14:35, 14:40, 14:42, 15:05, 15:20, 15:45, 15:45, 15:50, 15:50, 15:52, 16:05, 16:35, 16:50, 16:55, 16:55, 17:00, 17:02, 17:20, 17:35, 18:05, 18:05, 18:05, 18:20, 18:20, 18:22, 18:50, 19:05, 19:25, 19:25, 19:30, 19:32, 19:35, 19:50, 20:20, 20:35, 20:35, 20:36, 20:41, 20:43, 21:05, 21:21, 21:45, 21:45, 21:50, 21:51, 21:53, 22:06, 23:03];[[0, 1, 2, 3, 4], [5], [0, 1, 2, 3, 4], [5], [0, 1, 2, 3, 4], [5], [0, 1, 2, 3, 4], [5], [6], [6], [6], [0, 1, 2, 3, 4], [5], [6], [0, 1, 2, 3, 4], [5], [6], [6], [5], [0, 1, 2, 3, 4], [6], [0, 1, 2, 3, 4], [5], [6], [6], [6], [5], [0, 1, 2, 3, 4], [0, 1, 2, 3, 4], [5], [6], [6], [6], [5], [0, 1, 2, 3, 4], [0, 1, 2, 3, 4], [6], [5], [6], [6], [5], [0, 1, 2, 3, 4], [0, 1, 2, 3, 4], [5], [6], [6], [6], [0, 1, 2, 3, 4], [5], [6], [0, 1, 2, 3, 4], [5], [6], [6], [5], [0, 1, 2, 3, 4], [6], [0, 1, 2, 3, 4], [5], [6], [6], [6], [0, 1, 2, 3, 4], [5], [0, 1, 2, 3, 4], [5], [6], [6], [5], [0, 1, 2, 3, 4], [6], [0, 1, 2, 3, 4], [6], [5], [6], [6], [5], [0, 1, 2, 3, 4], [0, 1, 2, 3, 4], [5], [6], [6], [6], [5], [0, 1, 2, 3, 4], [6], [5], [0, 1, 2, 3, 4], [6], [6], [0, 1, 2, 3, 4], [5], [6], [5], [0, 1, 2, 3, 4], [6], [0, 1, 2, 3, 4]]
420;Southfield;[345020, 3317070, 2330020, 1474070, 1695020, 1377070, 2116020, 2019070, 2862020, 699070, 1827070, 1191020, 1898020, 1015070, 73070, 84020, 1283020, 1559070, 3104070, 1679020, 1110020, 1452070, 3336070, 2693020, 3379020, 2530070, 3230070, 2795020, 807020, 304070, 2985020, 1057070, 742020, 2760070, 902020, 2286070, 2855020, 2001070, 2949070, 647020, 1194020, 2157070, 436070, 123020, 3118020, 2591070, 1350020, 3288070, 2223070, 2584020, 513070, 1111020, 383070, 3083020, 1534020, 1901070];[05:51, 05:53, 06:50, 06:50, 06:59, 07:00, 08:00, 08:00, 08:09, 08:10, 09:10, 09:10, 09:19, 09:20, 10:30, 10:30, 10:39, 10:40, 11:40, 11:40, 11:49, 11:50, 12:50, 12:50, 12:59, 13:00, 14:00, 14:00, 14:09, 14:10, 15:10, 15:10, 15:19, 15:20, 16:20, 16:20, 16:29, 16:30, 17:30, 17:30, 17:39, 17:40, 18:50, 18:50, 18:59, 19:00, 20:00, 20:00, 20:11, 20:11, 21:10, 21:10, 21:21, 21:21, 22:20, 22:20];[[0, 1, 2, 3, 4], [5], [0, 1, 2, 3, 4], [5], [0, 1, 2, 3, 4], [5], [0, 1, 2, 3, 4], [5], [0, 1, 2, 3, 4], [5], [5], [0, 1, 2, 3, 4], [0, 1, 2, 3, 4], [5], [5], [0, 1, 2, 3, 4], [0, 1, 2, 3, 4], [5], [5], [0, 1, 2, 3, 4], [0, 1, 2, 3, 4], [5], [5], [0, 1, 2, 3, 4], [0, 1, 2, 3, 4], [5], [5], [0, 1, 2, 3, 4], [0, 1, 2, 3, 4], [5], [0, 1, 2, 3, 4], [5], [0, 1, 2, 3, 4], [5], [0, 1, 2, 3, 4], [5], [0, 1, 2, 3, 4], [5], [5], [0, 1, 2, 3, 4], [0, 1, 2, 3, 4], [5], [5], [0, 1, 2, 3, 4], [0, 1, 2, 3, 4], [5], [0, 1, 2, 3, 4], [5], [5], [0, 1, 2, 3, 4], [5], [0, 1, 2, 3, 4], [5], [0, 1, 2, 3, 4], [0, 1, 2, 3, 4], [5]]
430;Main Street;[1215020, 1332020, 328020, 2739020, 2199020, 2060020, 425020, 896020, 2478020, 3355020, 339020, 719020, 99020, 117020, 820020, 86020, 3243020, 2492020, 208020, 953020, 2520020, 829020, 3111020, 1927020, 1286020, 2942020, 3069020, 2628020, 715020, 2738020, 1750020, 3154020];[06:00, 06:13, 06:57, 07:09, 07:57, 08:19, 09:10, 09:18, 10:10, 10:18, 11:10, 11:18, 12:10, 12:18, 13:10, 13:18, 14:00, 14:08, 14:57, 15:19, 16:07, 16:19, 17:10, 17:18, 18:10, 18:18, 19:10, 19:18, 20:10, 20:18, 21:10, 21:18];[[0, 1, 2, 3, 4], [0, 1, 2, 3, 4], [0, 1, 2, 3, 4], [0, 1, 2, 3, 4], [0, 1, 2, 3, 4], [0, 1, 2, 3, 4], [0, 1, 2, 3, 4], [0, 1, 2, 3, 4], [0, 1, 2, 3, 4], [0, 1, 2, 3, 4], [0, 1, 2, 3, 4], [0, 1, 2, 3, 4], [0, 1, 2, 3, 4], [0, 1, 2, 3, 4], [0, 1, 2, 3, 4], [0, 1, 2, 3, 4], [0, 1, 2, 3, 4], [0, 1, 2, 3, 4], [0, 1, 2, 3, 4], [0, 1, 2, 3, 4], [0, 1, 2, 3, 4], [0, 1, 2, 3, 4], [0, 1, 2, 3, 4], [0, 1, 2, 3, 4], [0, 1, 2, 3, 4], [0, 1, 2, 3, 4], [0, 1, 2, 3, 4], [0, 1, 2, 3, 4], [0, 1, 2, 3, 4], [0, 1, 2, 3, 4], [0, 1, 2, 3, 4], [0, 1, 2, 3, 4]]
450;Woodward Local;[524020, 2936070, 690020, 357020, 2964070, 1884070, 32020, 1335020, 675070, 3222070, 470010, 966020, 810020, 2301070, 3291070, 2126010, 2634020, 687020, 3046070, 2898070, 745010, 399020, 739020, 3405070, 364070, 879010, 448020, 3004020, 1466070, 1512070, 491010, 3333020, 1336020, 302070, 1583070, 834010, 1795020, 1947020, 708070, 1302070, 129010, 3232020, 531020, 1619070, 2735070, 653010, 1136020, 602020, 3071070, 2161070, 2617010, 92020, 1025020, 527070, 3281070, 3237010, 2623020, 1363020, 613070, 1291070, 1874010, 949020, 2533020, 3087070, 253070, 2377010, 3357020, 146020, 2017070, 1803070, 2365010, 3260020, 1878020, 1161070, 2878070, 2363010, 3201020, 787020, 1075070, 2245070, 606010, 356020, 3413020, 974070, 2239070, 367010, 1124020, 3013020, 3358070, 2679070, 1988010, 593020, 978020, 1153070];[04:28, 04:32, 05:20, 05:27, 05:30, 05:32, 06:20, 06:22, 06:30, 06:30, 06:52, 07:19, 07:21, 07:29, 07:30, 07:57, 08:20, 08:20, 08:28, 08:30, 08:51, 09:20, 09:20, 09:26, 09:30, 09:57, 10:17, 10:20, 10:25, 10:28, 10:51, 11:17, 11:19, 11:25, 11:29, 12:01, 12:19, 12:20, 12:23, 12:25, 12:57, 13:20, 13:21, 13:23, 13:25, 13:57, 14:19, 14:20, 14:23, 14:30, 14:57, 15:18, 15:20, 15:23, 15:30, 15:57, 16:11, 16:20, 16:23, 16:25, 16:57, 17:16, 17:20, 17:22, 17:25, 17:57, 18:16, 18:20, 18:22, 18:25, 18:56, 19:20, 19:21, 19:24, 19:30, 19:52, 20:20, 20:22, 20:24, 20:30, 20:55, 21:20, 21:24, 21:27, 21:30, 21:57, 22:20, 22:24, 22:25, 22:30, 23:04, 23:20, 23:23, 23:30];[[0, 1, 2, 3, 4], [5], [0, 1, 2, 3, 4], [0, 1, 2, 3, 4], [5], [5], [0, 1, 2, 3, 4], [0, 1, 2, 3, 4], [5], [5], [6], [0, 1, 2, 3, 4], [0, 1, 2, 3, 4], [5], [5], [6], [0, 1, 2, 3, 4], [0, 1, 2, 3, 4], [5], [5], [6], [0, 1, 2, 3, 4], [0, 1, 2, 3, 4], [5], [5], [6], [0, 1, 2, 3, 4], [0, 1, 2, 3, 4], [5], [5], [6], [0, 1, 2, 3, 4], [0, 1, 2, 3, 4], [5], [5], [6], [0, 1, 2, 3, 4], [0, 1, 2, 3, 4], [5], [5], [6], [0, 1, 2, 3, 4], [0, 1, 2, 3, 4], [5], [5], [6], [0, 1, 2, 3, 4], [0, 1, 2, 3, 4], [5], [5], [6], [0, 1, 2, 3, 4], [0, 1, 2, 3, 4], [5], [5], [6], [0, 1, 2, 3, 4], [0, 1, 2, 3, 4], [5], [5], [6], [0, 1, 2, 3, 4], [0, 1, 2, 3, 4], [5], [5], [6], [0, 1, 2, 3, 4], [0, 1, 2, 3, 4], [5], [5], [6], [0, 1, 2, 3, 4], [0, 1, 2, 3, 4], [5], [5], [6], [0, 1, 2, 3, 4], [0, 1, 2, 3, 4], [5], [5], [6], [0, 1, 2, 3, 4], [0, 1, 2, 3, 4], [5], [5], [6], [0, 1, 2, 3, 4], [0, 1, 2, 3, 4], [5], [5], [6], [0, 1, 2, 3, 4], [0, 1, 2, 3, 4], [5]]
460;Woodward Local;[1917020, 1568020, 185070, 499070, 1709010, 1496020, 2909020, 940070, 2230070, 241020, 2211020, 226010, 1317070, 867070, 3264010, 2763020, 1922020, 1425070, 3193070, 942020, 1391020, 589010, 3217070, 2131070, 1438010, 1623020, 1975020, 1164070, 2958070, 1853020, 1170020, 70010, 2833070, 1957070, 595020, 831010, 3285020, 3227070, 2885070, 2512020, 3117020, 3070070, 599010, 1126070, 1736010, 1269020, 607020, 2371070, 2611070, 1212020, 3360020, 2319010, 1095070, 3219070, 178010, 3151020, 2845020, 8070, 549070, 1915020, 1647020, 2152010, 1828070, 1570070, 2963020, 562010, 1030020, 1513070, 2526070, 2778020, 1819020, 66010, 1790070, 2027070, 2629010, 1812020, 222020, 778070, 1127070, 3366020, 1663020, 308010, 3257070, 3026070, 1501020, 2380010, 1618020, 1021070, 3228070, 2241010, 49020, 3034020, 203070, 1523070, 3352010, 1059020];[04:50, 04:58, 05:00, 05:10, 05:49, 05:50, 05:59, 06:00, 06:05, 06:49, 06:54, 06:57, 07:00, 07:05, 07:47, 07:49, 07:50, 08:00, 08:02, 08:50, 08:51, 08:57, 09:00, 09:02, 09:49, 09:50, 09:55, 10:00, 10:02, 10:50, 10:50, 10:57, 11:00, 11:02, 11:50, 11:50, 11:50, 11:57, 12:00, 12:48, 12:50, 12:57, 12:57, 13:00, 13:49, 13:50, 13:53, 13:57, 14:00, 14:50, 14:50, 14:57, 14:59, 15:00, 15:49, 15:50, 15:50, 15:59, 16:00, 16:50, 16:50, 16:57, 16:59, 17:00, 17:50, 17:50, 17:50, 17:59, 18:00, 18:50, 18:50, 18:57, 18:59, 19:00, 19:50, 19:51, 19:53, 20:00, 20:00, 20:50, 20:56, 20:57, 21:00, 21:01, 21:50, 21:55, 21:56, 22:00, 22:01, 22:49, 22:50, 22:57, 23:00, 23:01, 23:30, 23:52];[[0, 1, 2, 3, 4], [0, 1, 2, 3, 4], [5], [5], [6], [0, 1, 2, 3, 4], [0, 1, 2, 3, 4], [5], [5], [0, 1, 2, 3, 4], [0, 1, 2, 3, 4], [6], [5], [5], [6], [0, 1, 2, 3, 4], [0, 1, 2, 3, 4], [5], [5], [0, 1, 2, 3, 4], [0, 1, 2, 3, 4], [6], [5], [5], [6], [0, 1, 2, 3, 4], [0, 1, 2, 3, 4], [5], [5], [0, 1, 2, 3, 4], [0, 1, 2, 3, 4], [6], [5], [5], [0, 1, 2, 3, 4], [6], [0, 1, 2, 3, 4], [5], [5], [0, 1, 2, 3, 4], [0, 1, 2, 3, 4], [5], [6], [5], [6], [0, 1, 2, 3, 4], [0, 1, 2, 3, 4], [5], [5], [0, 1, 2, 3, 4], [0, 1, 2, 3, 4], [6], [5], [5], [6], [0, 1, 2, 3, 4], [0, 1, 2, 3, 4], [5], [5], [0, 1, 2, 3, 4], [0, 1, 2, 3, 4], [6], [5], [5], [0, 1, 2, 3, 4], [6], [0, 1, 2, 3, 4], [5], [5], [0, 1, 2, 3, 4], [0, 1, 2, 3, 4], [6], [5], [5], [6], [0, 1, 2, 3, 4], [0, 1, 2, 3, 4], [5], [5], [0, 1, 2, 3, 4], [0, 1, 2, 3, 4], [6], [5], [5], [0, 1, 2, 3, 4], [6], [0, 1, 2, 3, 4], [5], [5], [6], [0, 1, 2, 3, 4], [0, 1, 2, 3, 4], [5], [5], [6], [0, 1, 2, 3, 4]]
461;FAST Woodward;[2132020, 1580070, 2008020, 2966070, 729020, 2392020, 1445070, 489020, 2724010, 1758070, 3091020, 1413010, 256020, 2471070, 793020, 2469070, 91020, 199020, 588010, 2000070, 1882010, 3122020, 336020, 3322070, 1398020, 552070, 2482010, 260020, 1209010, 1012070, 848020, 3184020, 321070, 956020, 702010, 1311070, 1432020, 1961020, 2091010, 1712070, 532020, 1912070, 47020, 864020, 2308070, 1625010, 2450020, 243010, 557020, 2796070, 2900020, 1303070, 22020, 325020, 2275070, 234020, 1771010, 1038070, 642010, 2056020, 962020, 2572070, 2464020, 2813020, 696070, 1327010, 382010, 3385020, 421070, 1384020, 794070, 2145020, 1609020, 1308010, 401070, 3320020, 1670010, 332070, 2563020, 2502070, 1499020, 407020, 2322070, 60010, 2340020, 922020, 439070, 2880010, 2538020, 1893070, 918020, 1084070, 1632020, 1476010, 342020, 1977010, 2772070, 1162020, 1369020, 2117070, 2981020, 959070, 753010, 246020, 548070, 2879020, 1592010, 3395020, 68070, 586020, 994010, 2903070, 2674020, 122020, 3259070, 2296020, 3382070, 1573020, 1944020];[04:13, 04:42, 04:50, 04:58, 05:05, 05:30, 05:42, 05:45, 05:55, 06:05, 06:09, 06:12, 06:25, 06:39, 06:46, 07:05, 07:05, 07:24, 07:25, 07:39, 07:42, 07:45, 08:02, 08:04, 08:25, 08:38, 08:42, 08:44, 08:55, 09:03, 09:05, 09:24, 09:38, 09:50, 09:55, 10:04, 10:05, 10:25, 10:29, 10:38, 10:46, 11:05, 11:05, 11:21, 11:38, 11:40, 11:45, 11:54, 12:04, 12:05, 12:25, 12:36, 12:40, 13:05, 13:05, 13:16, 13:25, 13:35, 13:39, 13:40, 13:56, 14:05, 14:20, 14:32, 14:34, 14:39, 14:55, 15:05, 15:05, 15:11, 15:34, 15:45, 15:58, 16:00, 16:05, 16:22, 16:27, 16:33, 16:38, 17:05, 17:05, 17:24, 17:37, 17:40, 17:49, 18:04, 18:05, 18:07, 18:28, 18:40, 18:44, 19:05, 19:13, 19:25, 19:27, 19:34, 19:41, 19:45, 20:05, 20:05, 20:25, 20:42, 20:46, 20:47, 21:05, 21:05, 21:05, 21:27, 21:42, 21:45, 22:00, 22:05, 22:08, 22:25, 22:44, 22:48, 23:05, 23:05, 23:45];[[0, 1, 2, 3, 4], [5], [0, 1, 2, 3, 4], [5], [0, 1, 2, 3, 4], [0, 1, 2, 3, 4], [5], [0, 1, 2, 3, 4], [6], [5], [0, 1, 2, 3, 4], [6], [0, 1, 2, 3, 4], [5], [0, 1, 2, 3, 4], [5], [0, 1, 2, 3, 4], [0, 1, 2, 3, 4], [6], [5], [6], [0, 1, 2, 3, 4], [0, 1, 2, 3, 4], [5], [0, 1, 2, 3, 4], [5], [6], [0, 1, 2, 3, 4], [6], [5], [0, 1, 2, 3, 4], [0, 1, 2, 3, 4], [5], [0, 1, 2, 3, 4], [6], [5], [0, 1, 2, 3, 4], [0, 1, 2, 3, 4], [6], [5], [0, 1, 2, 3, 4], [5], [0, 1, 2, 3, 4], [0, 1, 2, 3, 4], [5], [6], [0, 1, 2, 3, 4], [6], [0, 1, 2, 3, 4], [5], [0, 1, 2, 3, 4], [5], [0, 1, 2, 3, 4], [0, 1, 2, 3, 4], [5], [0, 1, 2, 3, 4], [6], [5], [6], [0, 1, 2, 3, 4], [0, 1, 2, 3, 4], [5], [0, 1, 2, 3, 4], [0, 1, 2, 3, 4], [5], [6], [6], [0, 1, 2, 3, 4], [5], [0, 1, 2, 3, 4], [5], [0, 1, 2, 3, 4], [0, 1, 2, 3, 4], [6], [5], [0, 1, 2, 3, 4], [6], [5], [0, 1, 2, 3, 4], [5], [0, 1, 2, 3, 4], [0, 1, 2, 3, 4], [5], [6], [0, 1, 2, 3, 4], [0, 1, 2, 3, 4], [5], [6], [0, 1, 2, 3, 4], [5], [0, 1, 2, 3, 4], [5], [0, 1, 2, 3, 4], [6], [0, 1, 2, 3, 4], [6], [5], [0, 1, 2, 3, 4], [0, 1, 2, 3, 4], [5], [0, 1, 2, 3, 4], [5], [6], [0, 1, 2, 3, 4], [5], [0, 1, 2, 3, 4], [6], [0, 1, 2, 3, 4], [5], [0, 1, 2, 3, 4], [6], [5], [0, 1, 2, 3, 4], [0, 1, 2, 3, 4], [5], [0, 1, 2, 3, 4], [5], [0, 1, 2, 3, 4], [0, 1, 2, 3, 4]]
462;FAST Woodward;[1498020, 2088070, 913020, 947020, 1181020, 2978070, 2614020, 1447020, 423070, 1223070, 2361020, 1774020, 1226070, 2141010, 3233010, 522020, 2815020, 2997070, 1649020, 2509020, 988070, 3094070, 1980020, 2494020, 2097010, 608070, 1004020, 1117070, 291020, 1525010, 2637020, 1254020, 2089070, 2108070, 1341020, 2875020, 1385070, 2848020, 2758010, 891010, 486020, 1793070, 488020, 2664020, 627070, 3363070, 1661020, 299020, 2350010, 2599020, 1312070, 573010, 814020, 1532070, 471020, 1201020, 334070, 2185070, 69020, 1754020, 2244010, 2224020, 2134070, 577020, 2511070, 2473010, 2733020, 1985020, 263070, 1631070, 277020, 457020, 3412070, 1527010, 2212010, 3165020, 2406020, 2458070, 1321020, 2517020, 1106070, 160070, 360020, 1252020, 1446070, 2847010, 713010, 1475020, 901020, 379070, 1442020, 919020, 544070, 2653070, 2882020, 3251020, 3068010, 717070, 625020, 3176020, 2513070, 924010, 1109020, 1063020, 116070, 1610070, 490020, 1250020, 2069070, 3332020, 722020, 239020];[03:34, 03:56, 04:09, 04:45, 04:52, 04:56, 05:24, 05:27, 05:35, 05:53, 06:01, 06:05, 06:35, 06:40, 06:44, 06:45, 06:45, 06:53, 07:25, 07:27, 07:35, 07:50, 08:00, 08:05, 08:25, 08:35, 08:46, 08:48, 08:50, 09:01, 09:22, 09:25, 09:35, 09:47, 09:58, 10:05, 10:35, 10:38, 10:40, 10:44, 10:45, 10:47, 11:15, 11:24, 11:35, 11:47, 12:01, 12:05, 12:29, 12:31, 12:35, 12:40, 12:45, 12:46, 13:10, 13:25, 13:35, 13:44, 13:49, 13:55, 14:10, 14:26, 14:35, 14:40, 14:44, 14:57, 15:11, 15:25, 15:35, 15:44, 15:54, 16:00, 16:31, 16:40, 16:42, 16:43, 16:45, 16:46, 17:17, 17:29, 17:35, 17:46, 17:59, 18:05, 18:35, 18:38, 18:40, 18:43, 18:45, 18:49, 19:26, 19:27, 19:45, 19:51, 20:05, 20:05, 20:20, 20:35, 20:45, 20:45, 20:53, 21:03, 21:25, 21:25, 21:35, 21:54, 22:05, 22:06, 22:35, 22:45, 23:25, 24:25];[[0, 1, 2, 3, 4], [5], [0, 1, 2, 3, 4], [0, 1, 2, 3, 4], [0, 1, 2, 3, 4], [5], [0, 1, 2, 3, 4], [0, 1, 2, 3, 4], [5], [5], [0, 1, 2, 3, 4], [0, 1, 2, 3, 4], [5], [6], [6], [0, 1, 2, 3, 4], [0, 1, 2, 3, 4], [5], [0, 1, 2, 3, 4], [0, 1, 2, 3, 4], [5], [5], [0, 1, 2, 3, 4], [0, 1, 2, 3, 4], [6], [5], [0, 1, 2, 3, 4], [5], [0, 1, 2, 3, 4], [6], [0, 1, 2, 3, 4], [0, 1, 2, 3, 4], [5], [5], [0, 1, 2, 3, 4], [0, 1, 2, 3, 4], [5], [0, 1, 2, 3, 4], [6], [6], [0, 1, 2, 3, 4], [5], [0, 1, 2, 3, 4], [0, 1, 2, 3, 4], [5], [5], [0, 1, 2, 3, 4], [0, 1, 2, 3, 4], [6], [0, 1, 2, 3, 4], [5], [6], [0, 1, 2, 3, 4], [5], [0, 1, 2, 3, 4], [0, 1, 2, 3, 4], [5], [5], [0, 1, 2, 3, 4], [0, 1, 2, 3, 4], [6], [0, 1, 2, 3, 4], [5], [0, 1, 2, 3, 4], [5], [6], [0, 1, 2, 3, 4], [0, 1, 2, 3, 4], [5], [5], [0, 1, 2, 3, 4], [0, 1, 2, 3, 4], [5], [6], [6], [0, 1, 2, 3, 4], [0, 1, 2, 3, 4], [5], [0, 1, 2, 3, 4], [0, 1, 2, 3, 4], [5], [5], [0, 1, 2, 3, 4], [0, 1, 2, 3, 4], [5], [6], [6], [0, 1, 2, 3, 4], [0, 1, 2, 3, 4], [5], [0, 1, 2, 3, 4], [0, 1, 2, 3, 4], [5], [5], [0, 1, 2, 3, 4], [0, 1, 2, 3, 4], [6], [5], [0, 1, 2, 3, 4], [0, 1, 2, 3, 4], [5], [6], [0, 1, 2, 3, 4], [0, 1, 2, 3, 4], [5], [5], [0, 1, 2, 3, 4], [0, 1, 2, 3, 4], [5], [0, 1, 2, 3, 4], [0, 1, 2, 3, 4], [0, 1, 2, 3, 4]]
492;Rochester;[1777070, 1058020, 348070, 289020, 2696020, 1339070, 2390020, 1802070, 1329020, 816020, 2463070, 3411070, 82020, 1266020, 2419070, 989070, 1305020, 1101020, 909070, 2345070, 2804020, 916020, 700070, 1826070, 2705020, 2219020, 2826070, 1840070, 1373020, 105020, 616070, 2329070, 1067020, 610020, 1637070, 76070, 2756020, 2775020, 2940070, 960070, 3044020, 2744020, 1469070, 732070, 495020, 636020, 3007070, 206070, 405020, 876020, 1762070, 38070, 735020, 973020, 784070, 97070, 3078020, 1026020, 543070, 1556070, 2427020, 3155070, 2764020, 3000070, 1833020, 1938070, 2326020, 148070, 440020, 604070, 2456020, 429070, 3337020, 2292070, 1458070, 2205020];[05:06, 05:09, 05:10, 05:37, 05:48, 05:57, 06:00, 06:05, 06:50, 06:53, 07:01, 07:03, 07:49, 07:50, 08:03, 08:05, 08:50, 08:52, 09:00, 09:06, 09:51, 09:55, 09:58, 09:58, 10:51, 10:54, 10:58, 11:03, 11:47, 11:54, 11:58, 12:05, 12:51, 12:53, 13:00, 13:05, 13:51, 13:58, 14:02, 14:05, 14:51, 14:58, 15:02, 15:05, 15:51, 15:58, 16:02, 16:05, 16:51, 17:00, 17:02, 17:04, 17:53, 18:00, 18:03, 18:06, 18:54, 18:56, 19:02, 19:05, 19:50, 19:57, 19:59, 20:00, 20:50, 20:57, 20:59, 21:00, 21:50, 21:57, 21:59, 22:00, 22:50, 23:00, 23:00, 23:00];[[5], [0, 1, 2, 3, 4], [5], [0, 1, 2, 3, 4], [0, 1, 2, 3, 4], [5], [0, 1, 2, 3, 4], [5], [0, 1, 2, 3, 4], [0, 1, 2, 3, 4], [5], [5], [0, 1, 2, 3, 4], [0, 1, 2, 3, 4], [5], [5], [0, 1, 2, 3, 4], [0, 1, 2, 3, 4], [5], [5], [0, 1, 2, 3, 4], [0, 1, 2, 3, 4], [5], [5], [0, 1, 2, 3, 4], [0, 1, 2, 3, 4], [5], [5], [0, 1, 2, 3, 4], [0, 1, 2, 3, 4], [5], [5], [0, 1, 2, 3, 4], [0, 1, 2, 3, 4], [5], [5], [0, 1, 2, 3, 4], [0, 1, 2, 3, 4], [5], [5], [0, 1, 2, 3, 4], [0, 1, 2, 3, 4], [5], [5], [0, 1, 2, 3, 4], [0, 1, 2, 3, 4], [5], [5], [0, 1, 2, 3, 4], [0, 1, 2, 3, 4], [5], [5], [0, 1, 2, 3, 4], [0, 1, 2, 3, 4], [5], [5], [0, 1, 2, 3, 4], [0, 1, 2, 3, 4], [5], [5], [0, 1, 2, 3, 4], [5], [0, 1, 2, 3, 4], [5], [0, 1, 2, 3, 4], [5], [0, 1, 2, 3, 4], [5], [0, 1, 2, 3, 4], [5], [0, 1, 2, 3, 4], [5], [0, 1, 2, 3, 4], [5], [5], [0, 1, 2, 3, 4]]
494;Dequindre;[958020, 1213070, 1421070, 2015020, 3215020, 1224070, 1688020, 2262070, 2680070, 965020, 1885070, 2192020, 772020, 1094070, 1727070, 688020, 431070, 2048020, 566070, 2560020, 2669070, 1693020, 3192070, 844020, 228020, 603070, 1881070, 2112020, 2831020, 1528070, 1345020, 1119070, 1551020, 142070, 15070, 645020, 868070, 1578020, 1278020, 307070, 718070, 799020, 1522070, 727020, 1424020, 2812070, 1740020, 36070, 2635020, 484070, 130020, 2959070, 2280070, 193020, 1027020, 2993070, 2994020, 3367070, 771070, 839020, 2656020, 1280070, 1756070, 255020, 984070, 1100020, 1180070, 2575020, 2331020, 195070, 581070, 2444020, 2508070, 281020, 2046020, 2424070, 2947020, 1945070, 1503070, 2081020, 2495070, 79020, 2750020, 1347070, 1817070, 1433020, 779070, 309020];[05:05, 05:05, 05:22, 05:22, 05:55, 05:55, 06:10, 06:10, 06:45, 06:45, 07:00, 07:00, 07:35, 07:35, 07:50, 07:50, 08:25, 08:25, 08:40, 08:40, 09:15, 09:15, 09:30, 09:30, 10:00, 10:00, 10:20, 10:20, 10:50, 10:50, 11:10, 11:10, 11:40, 11:40, 12:00, 12:00, 12:30, 12:30, 12:50, 12:50, 13:20, 13:20, 13:40, 13:40, 14:10, 14:10, 14:30, 14:30, 15:00, 15:00, 15:20, 15:20, 15:50, 15:50, 16:10, 16:10, 16:40, 16:40, 17:00, 17:00, 17:30, 17:30, 17:50, 17:50, 18:20, 18:20, 18:40, 18:40, 19:10, 19:10, 19:30, 19:30, 20:00, 20:00, 20:20, 20:20, 20:50, 20:50, 21:10, 21:10, 21:40, 21:40, 22:00, 22:00, 22:30, 22:30, 22:50, 22:50];[[0, 1, 2, 3, 4], [5], [5], [0, 1, 2, 3, 4], [0, 1, 2, 3, 4], [5], [0, 1, 2, 3, 4], [5], [5], [0, 1, 2, 3, 4], [5], [0, 1, 2, 3, 4], [0, 1, 2, 3, 4], [5], [5], [0, 1, 2, 3, 4], [5], [0, 1, 2, 3, 4], [5], [0, 1, 2, 3, 4], [5], [0, 1, 2, 3, 4], [5], [0, 1, 2, 3, 4], [0, 1, 2, 3, 4], [5], [5], [0, 1, 2, 3, 4], [0, 1, 2, 3, 4], [5], [0, 1, 2, 3, 4], [5], [0, 1, 2, 3, 4], [5], [5], [0, 1, 2, 3, 4], [5], [0, 1, 2, 3, 4], [0, 1, 2, 3, 4], [5], [5], [0, 1, 2, 3, 4], [5], [0, 1, 2, 3, 4], [0, 1, 2, 3, 4], [5], [0, 1, 2, 3, 4], [5], [0, 1, 2, 3, 4], [5], [0, 1, 2, 3, 4], [5], [5], [0, 1, 2, 3, 4], [0, 1, 2, 3, 4], [5], [0, 1, 2, 3, 4], [5], [5], [0, 1, 2, 3, 4], [0, 1, 2, 3, 4], [5], [5], [0, 1, 2, 3, 4], [5], [0, 1, 2, 3, 4], [5], [0, 1, 2, 3, 4], [0, 1, 2, 3, 4], [5], [5], [0, 1, 2, 3, 4], [5], [0, 1, 2, 3, 4], [0, 1, 2, 3, 4], [5], [0, 1, 2, 3, 4], [5], [5], [0, 1, 2, 3, 4], [5], [0, 1, 2, 3, 4], [0, 1, 2, 3, 4], [5], [5], [0, 1, 2, 3, 4], [5], [0, 1, 2, 3, 4]]
495;John R;[2104020, 1000020, 2102020, 1241020, 1031020, 1678070, 617070, 311020, 1419020, 3199020, 2256020, 1711070, 3003070, 2486020, 2905020, 1186010, 39070, 2803070, 45020, 1114020, 854020, 1825010, 1755020, 860070, 2769070, 2307020, 2938020, 1798010, 2189010, 1973070, 3085070, 3311020, 1231020, 2325010, 2425020, 1328010, 1149020, 1877070, 125070, 1821020, 1639020, 3372010, 1645010, 200070, 1832070, 2578020, 3149020, 3024010, 1177020, 2124010, 2428020, 2626070, 1193070, 167020, 925020, 2420010, 1121010, 24070, 3299070, 7020, 2568020, 288010, 878010, 365020, 1921020, 4070, 740070, 1387020, 1360020, 2783010, 3166010, 2996070, 2348070, 3273020, 1577020, 3186010, 214010, 2440020, 149020, 1324070, 1146070, 2828020, 1941020, 273010, 767010, 1537070, 2668070, 363020, 2518020, 362010, 3245020, 1859010, 2446020, 643070, 2661070, 1470020, 1465020, 3126010, 2952010, 482070, 1297070, 2070020, 2549020, 2418020, 1487020, 3197070, 1564010, 2712070, 3105020, 3319020, 10070, 1150070, 3356020, 59010, 567020, 634020, 135020, 667070, 3289070, 3280020, 415020, 2172070, 594070, 2706020, 976020, 2901020, 704020, 886070, 2300070, 237020, 1463020, 3145070, 2006070, 3274020, 2393020, 2755020, 1862020, 2438070, 768070, 652020, 449020, 140070, 2944020];[05:09, 05:39, 05:45, 06:09, 06:15, 06:32, 06:39, 06:39, 06:45, 07:09, 07:15, 07:17, 07:23, 07:39, 07:45, 07:50, 08:02, 08:07, 08:13, 08:15, 08:42, 08:45, 08:45, 08:47, 08:52, 09:14, 09:15, 09:20, 09:30, 09:32, 09:37, 09:44, 09:45, 10:05, 10:09, 10:13, 10:15, 10:17, 10:20, 10:39, 10:45, 10:50, 10:58, 11:02, 11:05, 11:09, 11:15, 11:35, 11:39, 11:43, 11:45, 11:47, 11:50, 12:09, 12:15, 12:20, 12:27, 12:32, 12:32, 12:40, 12:45, 13:05, 13:10, 13:10, 13:15, 13:17, 13:17, 13:40, 13:45, 13:50, 13:55, 14:02, 14:02, 14:10, 14:15, 14:35, 14:40, 14:40, 14:45, 14:47, 14:47, 15:08, 15:15, 15:20, 15:25, 15:32, 15:32, 15:37, 15:45, 16:05, 16:07, 16:13, 16:15, 16:17, 16:20, 16:37, 16:45, 16:50, 16:56, 17:02, 17:05, 17:07, 17:15, 17:37, 17:45, 17:47, 17:50, 17:51, 18:08, 18:14, 18:32, 18:36, 18:38, 18:40, 18:44, 19:14, 19:15, 19:17, 19:22, 19:44, 19:45, 20:02, 20:07, 20:14, 20:15, 20:39, 20:45, 20:47, 20:52, 21:09, 21:15, 21:32, 21:37, 21:39, 21:45, 22:09, 22:15, 22:17, 22:22, 22:39, 22:45, 23:02, 23:09];[[0, 1, 2, 3, 4], [0, 1, 2, 3, 4], [0, 1, 2, 3, 4], [0, 1, 2, 3, 4], [0, 1, 2, 3, 4], [5], [5], [0, 1, 2, 3, 4], [0, 1, 2, 3, 4], [0, 1, 2, 3, 4], [0, 1, 2, 3, 4], [5], [5], [0, 1, 2, 3, 4], [0, 1, 2, 3, 4], [6], [5], [5], [0, 1, 2, 3, 4], [0, 1, 2, 3, 4], [0, 1, 2, 3, 4], [6], [0, 1, 2, 3, 4], [5], [5], [0, 1, 2, 3, 4], [0, 1, 2, 3, 4], [6], [6], [5], [5], [0, 1, 2, 3, 4], [0, 1, 2, 3, 4], [6], [0, 1, 2, 3, 4], [6], [0, 1, 2, 3, 4], [5], [5], [0, 1, 2, 3, 4], [0, 1, 2, 3, 4], [6], [6], [5], [5], [0, 1, 2, 3, 4], [0, 1, 2, 3, 4], [6], [0, 1, 2, 3, 4], [6], [0, 1, 2, 3, 4], [5], [5], [0, 1, 2, 3, 4], [0, 1, 2, 3, 4], [6], [6], [5], [5], [0, 1, 2, 3, 4], [0, 1, 2, 3, 4], [6], [6], [0, 1, 2, 3, 4], [0, 1, 2, 3, 4], [5], [5], [0, 1, 2, 3, 4], [0, 1, 2, 3, 4], [6], [6], [5], [5], [0, 1, 2, 3, 4], [0, 1, 2, 3, 4], [6], [6], [0, 1, 2, 3, 4], [0, 1, 2, 3, 4], [5], [5], [0, 1, 2, 3, 4], [0, 1, 2, 3, 4], [6], [6], [5], [5], [0, 1, 2, 3, 4], [0, 1, 2, 3, 4], [6], [0, 1, 2, 3, 4], [6], [0, 1, 2, 3, 4], [5], [5], [0, 1, 2, 3, 4], [0, 1, 2, 3, 4], [6], [6], [5], [5], [0, 1, 2, 3, 4], [0, 1, 2, 3, 4], [0, 1, 2, 3, 4], [0, 1, 2, 3, 4], [5], [6], [5], [0, 1, 2, 3, 4], [0, 1, 2, 3, 4], [5], [5], [0, 1, 2, 3, 4], [6], [0, 1, 2, 3, 4], [0, 1, 2, 3, 4], [0, 1, 2, 3, 4], [5], [5], [0, 1, 2, 3, 4], [0, 1, 2, 3, 4], [5], [5], [0, 1, 2, 3, 4], [0, 1, 2, 3, 4], [0, 1, 2, 3, 4], [0, 1, 2, 3, 4], [5], [5], [0, 1, 2, 3, 4], [0, 1, 2, 3, 4], [5], [5], [0, 1, 2, 3, 4], [0, 1, 2, 3, 4], [0, 1, 2, 3, 4], [0, 1, 2, 3, 4], [5], [5], [0, 1, 2, 3, 4], [0, 1, 2, 3, 4], [5], [0, 1, 2, 3, 4]]
510;Van Dyke;[2586070, 1680020, 1563020, 1243070, 904070, 1605020, 746020, 194070, 64070, 6020, 276020, 1061070, 2928020, 1155070, 2202020, 2455070, 3035020, 2222070, 3020010, 2297020, 1672070, 3344010, 3075020, 191020, 1653070, 3133070, 181070, 1288010, 710020, 618020, 219010, 1701070, 3261020, 12020, 2443070, 721070, 1355020, 1549070, 3270010, 2950020, 1440020, 2359070, 1635010, 502020, 2945020, 2007070, 2809070, 2682020, 2888020, 1005070, 650010, 1621020, 2894020, 1614010, 2727070, 1235020, 2381070, 2765020, 450070, 2336020, 615020, 1131070, 451010, 801020, 1763070, 765010, 1484020, 3036020, 2654020, 2625070, 498070, 1179020, 2692020, 147070, 2432010, 2376010, 2988020, 3252020, 2170070, 3080020, 1020070, 1013020, 184070, 3147020, 1541020, 402070, 2025010, 2698020, 3255070, 3394010, 3060020, 2854020, 3339020, 2355070, 355070, 305020, 707020, 1767070, 3342010, 2293020, 1648010, 2234020, 52070, 2113070, 1284020, 1544020, 2835070, 3022020, 2984020, 2437070, 154010, 3326020, 1552020, 1237070, 651010, 3131020, 537020, 1916070, 2255070, 542020, 2439020, 2364010, 2570070, 1253020, 3164010, 366070, 2497020, 2339070, 3141020, 3348020, 2636070, 437020, 2908020, 1659070, 1531010, 2328070, 1086020, 141010, 509020, 2216020, 1958070, 2839020, 404070, 899020, 478020, 3331070, 750010, 2333010, 943070, 3202020, 1053020, 644020, 172070, 218070, 646010, 1964020, 2837070, 1450020, 2840070, 1010, 1376020, 1390020, 1123070, 3089070, 2186070, 2232010, 1954020, 2662010, 3017020, 1090070, 3240020, 1492070, 766020, 1791070, 1449070, 3361020, 1662010, 2564020, 2128070, 2035010, 3163020, 1435070, 268020, 2597070, 1606020, 2183010, 2844070, 2179020, 2818010, 1455070, 2793070, 1942020, 2565020, 2684070, 1009070, 1995020, 2289020, 697070, 903020, 81020];[04:30, 04:30, 04:42, 04:49, 05:00, 05:00, 05:04, 05:11, 05:30, 05:30, 05:42, 05:49, 06:00, 06:00, 06:04, 06:11, 06:29, 06:30, 06:30, 06:32, 06:47, 06:48, 06:59, 07:00, 07:00, 07:12, 07:30, 07:30, 07:30, 07:32, 07:42, 07:47, 07:59, 08:00, 08:00, 08:12, 08:20, 08:30, 08:30, 08:33, 08:40, 08:47, 08:48, 08:58, 09:00, 09:00, 09:12, 09:20, 09:26, 09:30, 09:30, 09:40, 09:41, 09:42, 09:47, 10:00, 10:00, 10:07, 10:12, 10:20, 10:22, 10:30, 10:30, 10:40, 10:42, 10:43, 10:46, 11:00, 11:00, 11:00, 11:08, 11:20, 11:25, 11:30, 11:30, 11:35, 11:40, 11:40, 11:42, 12:00, 12:00, 12:05, 12:05, 12:20, 12:20, 12:30, 12:30, 12:40, 12:42, 12:43, 12:47, 12:56, 13:00, 13:00, 13:05, 13:20, 13:23, 13:30, 13:30, 13:34, 13:35, 13:40, 13:42, 14:00, 14:00, 14:01, 14:05, 14:14, 14:20, 14:30, 14:30, 14:40, 14:41, 14:42, 14:43, 14:54, 15:00, 15:00, 15:04, 15:20, 15:21, 15:30, 15:30, 15:34, 15:36, 15:40, 15:40, 15:59, 16:00, 16:01, 16:05, 16:14, 16:20, 16:30, 16:30, 16:40, 16:40, 16:41, 16:42, 16:54, 16:58, 17:00, 17:07, 17:20, 17:22, 17:30, 17:30, 17:34, 17:40, 17:40, 17:58, 18:00, 18:00, 18:07, 18:28, 18:30, 18:30, 18:34, 18:40, 18:41, 18:58, 19:00, 19:00, 19:07, 19:30, 19:30, 19:30, 19:37, 19:38, 19:40, 20:00, 20:00, 20:06, 20:15, 20:30, 20:30, 20:30, 20:39, 20:44, 20:45, 21:00, 21:05, 21:06, 21:10, 21:30, 21:30, 21:30, 21:39, 21:41, 21:44, 22:00, 22:00, 22:06, 22:11, 22:30, 22:30, 22:39, 22:44, 23:00, 23:11];[[5], [0, 1, 2, 3, 4], [0, 1, 2, 3, 4], [5], [5], [0, 1, 2, 3, 4], [0, 1, 2, 3, 4], [5], [5], [0, 1, 2, 3, 4], [0, 1, 2, 3, 4], [5], [0, 1, 2, 3, 4], [5], [0, 1, 2, 3, 4], [5], [0, 1, 2, 3, 4], [5], [6], [0, 1, 2, 3, 4], [5], [6], [0, 1, 2, 3, 4], [0, 1, 2, 3, 4], [5], [5], [5], [6], [0, 1, 2, 3, 4], [0, 1, 2, 3, 4], [6], [5], [0, 1, 2, 3, 4], [0, 1, 2, 3, 4], [5], [5], [0, 1, 2, 3, 4], [5], [6], [0, 1, 2, 3, 4], [0, 1, 2, 3, 4], [5], [6], [0, 1, 2, 3, 4], [0, 1, 2, 3, 4], [5], [5], [0, 1, 2, 3, 4], [0, 1, 2, 3, 4], [5], [6], [0, 1, 2, 3, 4], [0, 1, 2, 3, 4], [6], [5], [0, 1, 2, 3, 4], [5], [0, 1, 2, 3, 4], [5], [0, 1, 2, 3, 4], [0, 1, 2, 3, 4], [5], [6], [0, 1, 2, 3, 4], [5], [6], [0, 1, 2, 3, 4], [0, 1, 2, 3, 4], [0, 1, 2, 3, 4], [5], [5], [0, 1, 2, 3, 4], [0, 1, 2, 3, 4], [5], [6], [6], [0, 1, 2, 3, 4], [0, 1, 2, 3, 4], [5], [0, 1, 2, 3, 4], [5], [0, 1, 2, 3, 4], [5], [0, 1, 2, 3, 4], [0, 1, 2, 3, 4], [5], [6], [0, 1, 2, 3, 4], [5], [6], [0, 1, 2, 3, 4], [0, 1, 2, 3, 4], [0, 1, 2, 3, 4], [5], [5], [0, 1, 2, 3, 4], [0, 1, 2, 3, 4], [5], [6], [0, 1, 2, 3, 4], [6], [0, 1, 2, 3, 4], [5], [5], [0, 1, 2, 3, 4], [0, 1, 2, 3, 4], [5], [0, 1, 2, 3, 4], [0, 1, 2, 3, 4], [5], [6], [0, 1, 2, 3, 4], [0, 1, 2, 3, 4], [5], [6], [0, 1, 2, 3, 4], [0, 1, 2, 3, 4], [5], [5], [0, 1, 2, 3, 4], [0, 1, 2, 3, 4], [6], [5], [0, 1, 2, 3, 4], [6], [5], [0, 1, 2, 3, 4], [5], [0, 1, 2, 3, 4], [0, 1, 2, 3, 4], [5], [0, 1, 2, 3, 4], [0, 1, 2, 3, 4], [5], [6], [5], [0, 1, 2, 3, 4], [6], [0, 1, 2, 3, 4], [0, 1, 2, 3, 4], [5], [0, 1, 2, 3, 4], [5], [0, 1, 2, 3, 4], [0, 1, 2, 3, 4], [5], [6], [6], [5], [0, 1, 2, 3, 4], [0, 1, 2, 3, 4], [0, 1, 2, 3, 4], [5], [5], [6], [0, 1, 2, 3, 4], [5], [0, 1, 2, 3, 4], [5], [6], [0, 1, 2, 3, 4], [0, 1, 2, 3, 4], [5], [5], [5], [6], [0, 1, 2, 3, 4], [6], [0, 1, 2, 3, 4], [5], [0, 1, 2, 3, 4], [5], [0, 1, 2, 3, 4], [5], [5], [0, 1, 2, 3, 4], [6], [0, 1, 2, 3, 4], [5], [6], [0, 1, 2, 3, 4], [5], [0, 1, 2, 3, 4], [5], [0, 1, 2, 3, 4], [6], [5], [0, 1, 2, 3, 4], [6], [5], [5], [0, 1, 2, 3, 4], [0, 1, 2, 3, 4], [5], [5], [0, 1, 2, 3, 4], [0, 1, 2, 3, 4], [5], [0, 1, 2, 3, 4], [0, 1, 2, 3, 4]]
525;Groesbeck;[1558020, 3067020, 2303020, 2421020, 169020, 165020, 179020, 1092020, 2887020, 1238020, 2822020, 1676020, 2974020, 2639020, 2675020, 1285020, 2032020, 1830020, 1270020, 3183020, 1054020, 153020, 1587020, 3301020, 2066020, 2652020, 3316020, 175020, 2633020, 987020, 2720020, 3373020];[04:27, 04:50, 05:27, 05:50, 06:27, 06:50, 07:27, 07:50, 08:27, 09:00, 09:37, 10:00, 10:37, 11:00, 11:37, 12:00, 12:37, 13:00, 13:37, 14:00, 14:37, 15:00, 15:37, 16:10, 16:47, 17:10, 17:47, 18:10, 18:47, 19:10, 19:47, 20:10];[[0, 1, 2, 3, 4], [0, 1, 2, 3, 4], [0, 1, 2, 3, 4], [0, 1, 2, 3, 4], [0, 1, 2, 3, 4], [0, 1, 2, 3, 4], [0, 1, 2, 3, 4], [0, 1, 2, 3, 4], [0, 1, 2, 3, 4], [0, 1, 2, 3, 4], [0, 1, 2, 3, 4], [0, 1, 2, 3, 4], [0, 1, 2, 3, 4], [0, 1, 2, 3, 4], [0, 1, 2, 3, 4], [0, 1, 2, 3, 4], [0, 1, 2, 3, 4], [0, 1, 2, 3, 4], [0, 1, 2, 3, 4], [0, 1, 2, 3, 4], [0, 1, 2, 3, 4], [0, 1, 2, 3, 4], [0, 1, 2, 3, 4], [0, 1, 2, 3, 4], [0, 1, 2, 3, 4], [0, 1, 2, 3, 4], [0, 1, 2, 3, 4], [0, 1, 2, 3, 4], [0, 1, 2, 3, 4], [0, 1, 2, 3, 4], [0, 1, 2, 3, 4], [0, 1, 2, 3, 4]]
530;Schoenherr;[2076020, 1077020, 2251020, 1730020];[05:45, 07:20, 16:00, 17:10];[[0, 1, 2, 3, 4], [0, 1, 2, 3, 4], [0, 1, 2, 3, 4], [0, 1, 2, 3, 4]]
550;Garfield;[3231020, 2302020, 1590020, 1999020, 1602020, 3408020, 1869020, 682020, 2548020, 377020, 3300020, 2093020, 2542020, 34020, 284020, 2349020, 2961020, 954020, 278020, 1055020, 2221020, 1972020, 202020, 2429020, 762020, 961020, 1479020, 910020, 2042020, 2685020, 2415020];[05:57, 06:07, 06:57, 07:07, 07:57, 08:07, 08:57, 09:07, 09:57, 10:07, 10:57, 11:07, 11:57, 12:03, 12:57, 13:03, 13:57, 14:03, 14:57, 15:03, 15:57, 16:01, 16:57, 17:03, 17:57, 17:58, 18:57, 19:05, 19:57, 20:05, 20:57];[[0, 1, 2, 3, 4], [0, 1, 2, 3, 4], [0, 1, 2, 3, 4], [0, 1, 2, 3, 4], [0, 1, 2, 3, 4], [0, 1, 2, 3, 4], [0, 1, 2, 3, 4], [0, 1, 2, 3, 4], [0, 1, 2, 3, 4], [0, 1, 2, 3, 4], [0, 1, 2, 3, 4], [0, 1, 2, 3, 4], [0, 1, 2, 3, 4], [0, 1, 2, 3, 4], [0, 1, 2, 3, 4], [0, 1, 2, 3, 4], [0, 1, 2, 3, 4], [0, 1, 2, 3, 4], [0, 1, 2, 3, 4], [0, 1, 2, 3, 4], [0, 1, 2, 3, 4], [0, 1, 2, 3, 4], [0, 1, 2, 3, 4], [0, 1, 2, 3, 4], [0, 1, 2, 3, 4], [0, 1, 2, 3, 4], [0, 1, 2, 3, 4], [0, 1, 2, 3, 4], [0, 1, 2, 3, 4], [0, 1, 2, 3, 4], [0, 1, 2, 3, 4]]
560;Gratiot Local;[521020, 2005070, 2034070, 2504020, 2073070, 1759020, 2405020, 2980070, 2827020, 894070, 2556070, 3375020, 847020, 3248020, 3142070, 1725020, 2163070, 3330020, 2077020, 2737070, 1749070, 2053010, 280020, 2369020, 2217070, 786020, 788020, 1388070, 435020, 497010, 1801020, 666070, 1986070, 2459010, 3008020, 244020, 411070, 1634020, 2717070, 3297020, 2545020, 857010, 2441010, 1320070, 3102020, 346070, 2375020, 511020, 822070, 257020, 35070, 87020, 1804020, 1708010, 2852070, 825070, 1554020, 1844010, 914020, 473020, 1855070, 1724020, 2731070, 3345020, 56010, 3198020, 2889010, 1766070, 2613070, 14020, 1139020, 3381020, 2897070, 2948020, 386070, 1158020, 3208020, 628010, 811070, 2541020, 991070, 1591010, 354020, 3369020, 1617070, 1723020, 1208070, 232020, 1737010, 1322020, 1854070, 1371010, 127070, 1483020, 251020, 1557020, 2448070, 2532020, 1402070, 1950020, 1505020, 1399010, 1974070, 2269020, 384070, 1613010, 2869020, 2824020, 1572070, 3239020, 2147070, 703020, 769020, 2676010, 1051070, 2849010, 28020, 852070, 201020, 5020, 2904070, 298020, 166070, 2787020, 1089020, 1506010, 3307070, 1056020, 1205070, 1848010, 2258020, 915020, 2647070, 2551020, 1279070, 1509020, 3158020, 1535010, 2011010, 351070, 2360070, 866020, 2231020, 2228020, 2312070, 1638020, 819070, 955020, 2753020, 403010, 2298070, 2287020, 1943070, 467010, 3325020, 316020, 671070, 2991020, 144020, 2932020, 968070, 1808010, 2148020, 2603070, 773070, 2488010, 1996020, 2383020, 290070, 855020, 1489020, 2250020, 1410070, 892010, 2288020, 893070, 2740070, 887010, 2151020, 2368020, 1301070, 1010020, 1478020, 1966020, 3023070, 1834010, 2595070, 928020, 1001070, 3177010, 2527020, 1014020, 1538070, 979020, 3119020, 1187020, 375070, 983010, 2931020, 565070, 3226070, 2279010, 1359020, 1797020, 1229070, 1788020, 388020, 2686020, 1259070, 2850020, 2762070, 1810070, 37020, 1850020, 2820070, 1517020, 923020, 210070, 2445020, 2306020, 2090070, 2605070, 2884020, 698020, 2983020];[04:20, 04:25, 04:25, 04:45, 04:55, 05:04, 05:05, 05:07, 05:25, 05:25, 05:25, 05:40, 05:45, 05:54, 05:55, 06:05, 06:07, 06:09, 06:25, 06:25, 06:25, 06:26, 06:40, 06:45, 06:55, 07:00, 07:05, 07:07, 07:09, 07:10, 07:25, 07:25, 07:25, 07:35, 07:40, 07:45, 07:55, 07:58, 08:03, 08:05, 08:08, 08:10, 08:23, 08:25, 08:25, 08:25, 08:40, 08:45, 08:55, 09:01, 09:04, 09:05, 09:10, 09:10, 09:23, 09:25, 09:25, 09:31, 09:41, 09:45, 09:55, 10:01, 10:04, 10:05, 10:10, 10:10, 10:22, 10:23, 10:25, 10:25, 10:41, 10:45, 10:55, 11:01, 11:04, 11:05, 11:10, 11:10, 11:21, 11:25, 11:25, 11:31, 11:41, 11:45, 11:55, 12:01, 12:04, 12:05, 12:10, 12:10, 12:21, 12:23, 12:25, 12:25, 12:38, 12:45, 12:55, 12:59, 13:02, 13:05, 13:10, 13:10, 13:20, 13:25, 13:25, 13:31, 13:39, 13:45, 13:55, 13:59, 14:02, 14:05, 14:09, 14:10, 14:20, 14:22, 14:25, 14:25, 14:39, 14:45, 14:55, 14:59, 15:02, 15:05, 15:09, 15:10, 15:20, 15:25, 15:25, 15:31, 15:39, 15:45, 15:55, 15:59, 16:02, 16:05, 16:08, 16:10, 16:22, 16:22, 16:25, 16:25, 16:39, 16:45, 16:55, 17:03, 17:04, 17:05, 17:06, 17:10, 17:19, 17:25, 17:25, 17:33, 17:43, 17:45, 17:55, 18:01, 18:02, 18:05, 18:07, 18:10, 18:25, 18:25, 18:25, 18:26, 18:41, 18:45, 18:55, 19:01, 19:02, 19:05, 19:07, 19:10, 19:25, 19:25, 19:25, 19:35, 19:41, 19:45, 19:55, 20:01, 20:02, 20:05, 20:07, 20:10, 20:25, 20:25, 20:25, 20:26, 20:41, 20:45, 20:55, 21:01, 21:02, 21:05, 21:07, 21:10, 21:25, 21:25, 21:25, 21:35, 21:41, 21:45, 21:55, 22:01, 22:02, 22:05, 22:07, 22:25, 22:25, 22:25, 22:41, 22:45, 22:55, 23:01, 23:05, 23:07, 23:21, 23:25, 23:25, 23:37, 23:41, 23:45, 24:01];[[0, 1, 2, 3, 4], [5], [5], [0, 1, 2, 3, 4], [5], [0, 1, 2, 3, 4], [0, 1, 2, 3, 4], [5], [0, 1, 2, 3, 4], [5], [5], [0, 1, 2, 3, 4], [0, 1, 2, 3, 4], [0, 1, 2, 3, 4], [5], [0, 1, 2, 3, 4], [5], [0, 1, 2, 3, 4], [0, 1, 2, 3, 4], [5], [5], [6], [0, 1, 2, 3, 4], [0, 1, 2, 3, 4], [5], [0, 1, 2, 3, 4], [0, 1, 2, 3, 4], [5], [0, 1, 2, 3, 4], [6], [0, 1, 2, 3, 4], [5], [5], [6], [0, 1, 2, 3, 4], [0, 1, 2, 3, 4], [5], [0, 1, 2, 3, 4], [5], [0, 1, 2, 3, 4], [0, 1, 2, 3, 4], [6], [6], [5], [0, 1, 2, 3, 4], [5], [0, 1, 2, 3, 4], [0, 1, 2, 3, 4], [5], [0, 1, 2, 3, 4], [5], [0, 1, 2, 3, 4], [0, 1, 2, 3, 4], [6], [5], [5], [0, 1, 2, 3, 4], [6], [0, 1, 2, 3, 4], [0, 1, 2, 3, 4], [5], [0, 1, 2, 3, 4], [5], [0, 1, 2, 3, 4], [6], [0, 1, 2, 3, 4], [6], [5], [5], [0, 1, 2, 3, 4], [0, 1, 2, 3, 4], [0, 1, 2, 3, 4], [5], [0, 1, 2, 3, 4], [5], [0, 1, 2, 3, 4], [0, 1, 2, 3, 4], [6], [5], [0, 1, 2, 3, 4], [5], [6], [0, 1, 2, 3, 4], [0, 1, 2, 3, 4], [5], [0, 1, 2, 3, 4], [5], [0, 1, 2, 3, 4], [6], [0, 1, 2, 3, 4], [5], [6], [5], [0, 1, 2, 3, 4], [0, 1, 2, 3, 4], [0, 1, 2, 3, 4], [5], [0, 1, 2, 3, 4], [5], [0, 1, 2, 3, 4], [0, 1, 2, 3, 4], [6], [5], [0, 1, 2, 3, 4], [5], [6], [0, 1, 2, 3, 4], [0, 1, 2, 3, 4], [5], [0, 1, 2, 3, 4], [5], [0, 1, 2, 3, 4], [0, 1, 2, 3, 4], [6], [5], [6], [0, 1, 2, 3, 4], [5], [0, 1, 2, 3, 4], [0, 1, 2, 3, 4], [5], [0, 1, 2, 3, 4], [5], [0, 1, 2, 3, 4], [0, 1, 2, 3, 4], [6], [5], [0, 1, 2, 3, 4], [5], [6], [0, 1, 2, 3, 4], [0, 1, 2, 3, 4], [5], [0, 1, 2, 3, 4], [5], [0, 1, 2, 3, 4], [0, 1, 2, 3, 4], [6], [6], [5], [5], [0, 1, 2, 3, 4], [0, 1, 2, 3, 4], [0, 1, 2, 3, 4], [5], [0, 1, 2, 3, 4], [5], [0, 1, 2, 3, 4], [0, 1, 2, 3, 4], [6], [5], [0, 1, 2, 3, 4], [5], [6], [0, 1, 2, 3, 4], [0, 1, 2, 3, 4], [5], [0, 1, 2, 3, 4], [0, 1, 2, 3, 4], [0, 1, 2, 3, 4], [5], [6], [0, 1, 2, 3, 4], [5], [5], [6], [0, 1, 2, 3, 4], [0, 1, 2, 3, 4], [5], [0, 1, 2, 3, 4], [0, 1, 2, 3, 4], [0, 1, 2, 3, 4], [5], [6], [0, 1, 2, 3, 4], [5], [5], [6], [0, 1, 2, 3, 4], [0, 1, 2, 3, 4], [5], [0, 1, 2, 3, 4], [0, 1, 2, 3, 4], [0, 1, 2, 3, 4], [5], [6], [5], [0, 1, 2, 3, 4], [5], [6], [0, 1, 2, 3, 4], [0, 1, 2, 3, 4], [5], [0, 1, 2, 3, 4], [0, 1, 2, 3, 4], [0, 1, 2, 3, 4], [5], [6], [0, 1, 2, 3, 4], [5], [5], [6], [0, 1, 2, 3, 4], [0, 1, 2, 3, 4], [5], [0, 1, 2, 3, 4], [0, 1, 2, 3, 4], [0, 1, 2, 3, 4], [5], [0, 1, 2, 3, 4], [5], [5], [0, 1, 2, 3, 4], [0, 1, 2, 3, 4], [5], [0, 1, 2, 3, 4], [0, 1, 2, 3, 4], [5], [0, 1, 2, 3, 4], [0, 1, 2, 3, 4], [5], [5], [0, 1, 2, 3, 4], [0, 1, 2, 3, 4], [0, 1, 2, 3, 4]]
561;FAST Gratiot;[2830020, 2436070, 1151070, 1799020, 2062020, 1677070, 3340020, 3025020, 592070, 2677070, 2709020, 561020, 977070, 3127020, 2220020, 2914070, 1353020, 1640070, 162020, 1029020, 2640070, 2159070, 1998020, 1028020, 2767010, 2384020, 371070, 2505020, 1315020, 3005070, 320010, 684020, 2366070, 2823070, 1395020, 2554020, 3212010, 1165020, 2896070, 1451070, 2924020, 2954020, 3057010, 2860020, 1982070, 300070, 2558020, 1135020, 51010, 2865020, 2248070, 2967020, 1835070, 3079020, 1097010, 1330020, 1633070, 590070, 2045020, 3021020, 1822010, 1852020, 1731070, 3042070, 2204020, 1706020, 2771010, 2481020, 2658070, 2460020, 1925070, 337020, 660010, 1845020, 1700070, 833070, 1310020, 1443020, 1728010, 2507020, 292070, 2714020, 90070, 1207010, 1529020, 2989020, 1159070, 849070, 1794020, 229020, 1079010, 1309020, 2571070, 639020, 2472070, 410020, 136010, 734020, 358070, 119070, 1234020, 2282020, 2187010, 2746020, 2485020, 797070, 689070, 1836020, 258010, 3410020, 985070, 110070, 2870020, 2358020, 1400010, 563020, 2317020, 1197070, 920070, 2475020, 950010, 2670020, 1407070, 1228020, 3144070, 2853020, 3318010, 1473070, 121020, 2198020, 1116070, 1343020, 838010, 3380020, 1112070, 3185070, 1694020, 2094020, 3168010, 2133020, 3173020, 3095070, 1894070, 1928010, 1072020, 1096070, 1851020, 2252070, 3121020, 1249020, 1979010, 1211020, 2627020, 775070, 2484070, 1118010, 3077020, 2566020, 2766020, 317070, 132070, 1963020, 2907010, 3009020, 1539070, 3148070, 1024020, 2711010, 1838020, 821020, 312070, 2196070, 170020, 2040020, 3012010, 2474020, 3156070, 2873070, 1530020, 1779010, 2583020, 3234020, 2667070, 1436020, 1920070, 1200020, 2707020, 1314010, 2396020, 2749070, 2327070, 2318010, 1739020, 1137020, 3309070, 391070, 3049020, 3397020, 2190020, 764070, 905020, 1800070, 2917020, 104020, 2240070, 190070, 1768020, 2374020, 2970020, 2083070, 1595020, 2021020, 2946020, 982020, 1356020, 749020, 2299020, 1334020, 1908020, 2188020];[04:49, 04:52, 05:08, 05:09, 05:15, 05:19, 05:29, 05:32, 05:33, 05:47, 05:49, 05:55, 06:02, 06:09, 06:13, 06:18, 06:29, 06:33, 06:38, 06:49, 06:50, 07:00, 07:00, 07:09, 07:13, 07:18, 07:25, 07:27, 07:29, 07:29, 07:44, 07:49, 07:52, 07:58, 08:00, 08:09, 08:09, 08:18, 08:22, 08:27, 08:29, 08:39, 08:41, 08:49, 08:53, 08:55, 08:59, 09:09, 09:09, 09:19, 09:23, 09:29, 09:30, 09:39, 09:42, 09:49, 09:53, 09:56, 09:59, 10:09, 10:09, 10:17, 10:23, 10:25, 10:29, 10:36, 10:42, 10:49, 10:55, 10:56, 10:58, 11:09, 11:09, 11:15, 11:26, 11:26, 11:29, 11:32, 11:41, 11:49, 11:51, 11:54, 11:57, 12:08, 12:09, 12:13, 12:23, 12:26, 12:29, 12:31, 12:44, 12:49, 12:55, 12:56, 13:01, 13:08, 13:08, 13:09, 13:17, 13:24, 13:27, 13:29, 13:38, 13:48, 13:49, 13:50, 13:54, 13:59, 14:08, 14:09, 14:22, 14:24, 14:24, 14:29, 14:39, 14:42, 14:49, 14:53, 14:54, 15:04, 15:08, 15:09, 15:15, 15:16, 15:21, 15:29, 15:37, 15:44, 15:47, 15:49, 15:56, 16:04, 16:08, 16:09, 16:21, 16:23, 16:26, 16:29, 16:42, 16:49, 16:50, 16:50, 16:55, 17:08, 17:09, 17:15, 17:15, 17:28, 17:28, 17:40, 17:44, 17:48, 17:54, 17:57, 17:58, 18:08, 18:09, 18:19, 18:27, 18:27, 18:28, 18:38, 18:43, 18:49, 18:51, 18:58, 18:58, 19:08, 19:09, 19:18, 19:21, 19:27, 19:29, 19:32, 19:42, 19:49, 19:53, 19:56, 19:56, 20:08, 20:09, 20:16, 20:27, 20:29, 20:30, 20:35, 20:46, 20:46, 20:55, 20:57, 20:58, 21:08, 21:09, 21:18, 21:24, 21:28, 21:29, 21:35, 21:49, 21:54, 21:55, 21:59, 22:12, 22:16, 22:24, 22:29, 22:32, 22:36, 22:49, 22:54, 22:55, 23:09, 23:15, 23:30, 23:38, 23:50, 23:55, 24:09, 24:29, 24:52];[[0, 1, 2, 3, 4], [5], [5], [0, 1, 2, 3, 4], [0, 1, 2, 3, 4], [5], [0, 1, 2, 3, 4], [0, 1, 2, 3, 4], [5], [5], [0, 1, 2, 3, 4], [0, 1, 2, 3, 4], [5], [0, 1, 2, 3, 4], [0, 1, 2, 3, 4], [5], [0, 1, 2, 3, 4], [5], [0, 1, 2, 3, 4], [0, 1, 2, 3, 4], [5], [5], [0, 1, 2, 3, 4], [0, 1, 2, 3, 4], [6], [0, 1, 2, 3, 4], [5], [0, 1, 2, 3, 4], [0, 1, 2, 3, 4], [5], [6], [0, 1, 2, 3, 4], [5], [5], [0, 1, 2, 3, 4], [0, 1, 2, 3, 4], [6], [0, 1, 2, 3, 4], [5], [5], [0, 1, 2, 3, 4], [0, 1, 2, 3, 4], [6], [0, 1, 2, 3, 4], [5], [5], [0, 1, 2, 3, 4], [0, 1, 2, 3, 4], [6], [0, 1, 2, 3, 4], [5], [0, 1, 2, 3, 4], [5], [0, 1, 2, 3, 4], [6], [0, 1, 2, 3, 4], [5], [5], [0, 1, 2, 3, 4], [0, 1, 2, 3, 4], [6], [0, 1, 2, 3, 4], [5], [5], [0, 1, 2, 3, 4], [0, 1, 2, 3, 4], [6], [0, 1, 2, 3, 4], [5], [0, 1, 2, 3, 4], [5], [0, 1, 2, 3, 4], [6], [0, 1, 2, 3, 4], [5], [5], [0, 1, 2, 3, 4], [0, 1, 2, 3, 4], [6], [0, 1, 2, 3, 4], [5], [0, 1, 2, 3, 4], [5], [6], [0, 1, 2, 3, 4], [0, 1, 2, 3, 4], [5], [5], [0, 1, 2, 3, 4], [0, 1, 2, 3, 4], [6], [0, 1, 2, 3, 4], [5], [0, 1, 2, 3, 4], [5], [0, 1, 2, 3, 4], [6], [0, 1, 2, 3, 4], [5], [5], [0, 1, 2, 3, 4], [0, 1, 2, 3, 4], [6], [0, 1, 2, 3, 4], [0, 1, 2, 3, 4], [5], [5], [0, 1, 2, 3, 4], [6], [0, 1, 2, 3, 4], [5], [5], [0, 1, 2, 3, 4], [0, 1, 2, 3, 4], [6], [0, 1, 2, 3, 4], [0, 1, 2, 3, 4], [5], [5], [0, 1, 2, 3, 4], [6], [0, 1, 2, 3, 4], [5], [0, 1, 2, 3, 4], [5], [0, 1, 2, 3, 4], [6], [5], [0, 1, 2, 3, 4], [0, 1, 2, 3, 4], [5], [0, 1, 2, 3, 4], [6], [0, 1, 2, 3, 4], [5], [5], [0, 1, 2, 3, 4], [0, 1, 2, 3, 4], [6], [0, 1, 2, 3, 4], [0, 1, 2, 3, 4], [5], [5], [6], [0, 1, 2, 3, 4], [5], [0, 1, 2, 3, 4], [5], [0, 1, 2, 3, 4], [0, 1, 2, 3, 4], [6], [0, 1, 2, 3, 4], [0, 1, 2, 3, 4], [5], [5], [6], [0, 1, 2, 3, 4], [0, 1, 2, 3, 4], [0, 1, 2, 3, 4], [5], [5], [0, 1, 2, 3, 4], [6], [0, 1, 2, 3, 4], [5], [5], [0, 1, 2, 3, 4], [6], [0, 1, 2, 3, 4], [0, 1, 2, 3, 4], [5], [5], [0, 1, 2, 3, 4], [0, 1, 2, 3, 4], [6], [0, 1, 2, 3, 4], [5], [5], [0, 1, 2, 3, 4], [6], [0, 1, 2, 3, 4], [0, 1, 2, 3, 4], [5], [0, 1, 2, 3, 4], [5], [0, 1, 2, 3, 4], [0, 1, 2, 3, 4], [6], [0, 1, 2, 3, 4], [5], [5], [6], [0, 1, 2, 3, 4], [0, 1, 2, 3, 4], [5], [5], [0, 1, 2, 3, 4], [0, 1, 2, 3, 4], [0, 1, 2, 3, 4], [5], [0, 1, 2, 3, 4], [5], [0, 1, 2, 3, 4], [0, 1, 2, 3, 4], [5], [5], [0, 1, 2, 3, 4], [0, 1, 2, 3, 4], [0, 1, 2, 3, 4], [5], [0, 1, 2, 3, 4], [0, 1, 2, 3, 4], [0, 1, 2, 3, 4], [0, 1, 2, 3, 4], [0, 1, 2, 3, 4], [0, 1, 2, 3, 4], [0, 1, 2, 3, 4], [0, 1, 2, 3, 4], [0, 1, 2, 3, 4], [0, 1, 2, 3, 4]]
610;Kercheval-Harper;[1907020, 1185070, 2175020, 3056070, 1646020, 2451070, 817020, 3384070, 3124010, 143070, 1232020, 1932010, 2871020, 2829070, 408010, 1665020, 1220070, 809010, 385070, 150020, 957010, 1989020, 1892070, 2872010, 1970070, 926020, 3400010, 695020, 1196070, 1430010, 1295020, 507070, 2030010, 907070, 3029020, 995010, 2721070, 465020, 970010, 2861020, 417070, 2604010, 2808070, 900020, 2491010, 3011070, 706020, 496010, 3120020, 112070, 840010, 830070, 139020, 1815010, 2655070, 1008020, 1175010, 1204020, 1569070, 2291010, 2193020, 2539070, 2536010, 1292070, 315020, 2003010, 694020, 2701070, 2461010, 213070, 2002020, 2022010, 2666070, 2033020, 3161010, 1890070, 3051020, 2362010, 845070, 2732020, 3313020, 2742070, 2154070, 1016020, 2058020, 2659070, 3213020, 163070, 1976020, 1125070, 447070, 1604020, 3241020, 2143070, 2596020, 380070];[05:30, 05:30, 05:56, 05:56, 06:30, 06:30, 06:56, 06:56, 07:15, 07:30, 07:30, 07:45, 07:56, 07:56, 08:15, 08:30, 08:30, 08:45, 08:56, 08:56, 09:15, 09:30, 09:30, 09:45, 09:56, 09:56, 10:15, 10:30, 10:30, 10:45, 10:56, 10:56, 11:15, 11:30, 11:30, 11:45, 11:56, 11:56, 12:15, 12:30, 12:30, 12:45, 12:56, 12:56, 13:15, 13:30, 13:30, 13:45, 13:56, 13:56, 14:15, 14:30, 14:30, 14:45, 14:56, 14:56, 15:15, 15:30, 15:30, 15:45, 15:56, 15:56, 16:15, 16:30, 16:30, 16:45, 16:56, 16:56, 17:15, 17:30, 17:30, 17:45, 17:56, 17:56, 18:15, 18:30, 18:30, 18:45, 18:56, 18:56, 19:30, 19:30, 19:56, 19:56, 20:30, 20:30, 20:56, 20:56, 21:30, 21:30, 21:56, 21:56, 22:30, 22:30, 22:56, 22:56];[[0, 1, 2, 3, 4], [5], [0, 1, 2, 3, 4], [5], [0, 1, 2, 3, 4], [5], [0, 1, 2, 3, 4], [5], [6], [5], [0, 1, 2, 3, 4], [6], [0, 1, 2, 3, 4], [5], [6], [0, 1, 2, 3, 4], [5], [6], [5], [0, 1, 2, 3, 4], [6], [0, 1, 2, 3, 4], [5], [6], [5], [0, 1, 2, 3, 4], [6], [0, 1, 2, 3, 4], [5], [6], [0, 1, 2, 3, 4], [5], [6], [5], [0, 1, 2, 3, 4], [6], [5], [0, 1, 2, 3, 4], [6], [0, 1, 2, 3, 4], [5], [6], [5], [0, 1, 2, 3, 4], [6], [5], [0, 1, 2, 3, 4], [6], [0, 1, 2, 3, 4], [5], [6], [5], [0, 1, 2, 3, 4], [6], [5], [0, 1, 2, 3, 4], [6], [0, 1, 2, 3, 4], [5], [6], [0, 1, 2, 3, 4], [5], [6], [5], [0, 1, 2, 3, 4], [6], [0, 1, 2, 3, 4], [5], [6], [5], [0, 1, 2, 3, 4], [6], [5], [0, 1, 2, 3, 4], [6], [5], [0, 1, 2, 3, 4], [6], [5], [0, 1, 2, 3, 4], [0, 1, 2, 3, 4], [5], [5], [0, 1, 2, 3, 4], [0, 1, 2, 3, 4], [5], [0, 1, 2, 3, 4], [5], [0, 1, 2, 3, 4], [5], [5], [0, 1, 2, 3, 4], [0, 1, 2, 3, 4], [5], [0, 1, 2, 3, 4], [5]]
615;Jefferson;[783020, 584020, 1622020, 1627020, 2024020, 1931020, 3097020, 3040020, 31020, 3103020, 1493020, 3115020, 3157020, 2602020, 3294020, 1519020, 1480020, 2588020, 596020, 530020, 98020, 1396020, 1062020, 1420020, 656020, 3404020, 2055020, 18020, 252020, 1263020, 53020];[05:26, 06:26, 06:37, 07:26, 07:37, 08:25, 08:37, 09:25, 09:37, 10:25, 10:37, 11:25, 11:37, 12:25, 12:37, 13:25, 13:37, 14:25, 14:37, 15:25, 15:37, 16:25, 16:37, 17:25, 17:37, 18:26, 18:37, 19:26, 19:37, 20:26, 20:37];[[0, 1, 2, 3, 4], [0, 1, 2, 3, 4], [0, 1, 2, 3, 4], [0, 1, 2, 3, 4], [0, 1, 2, 3, 4], [0, 1, 2, 3, 4], [0, 1, 2, 3, 4], [0, 1, 2, 3, 4], [0, 1, 2, 3, 4], [0, 1, 2, 3, 4], [0, 1, 2, 3, 4], [0, 1, 2, 3, 4], [0, 1, 2, 3, 4], [0, 1, 2, 3, 4], [0, 1, 2, 3, 4], [0, 1, 2, 3, 4], [0, 1, 2, 3, 4], [0, 1, 2, 3, 4], [0, 1, 2, 3, 4], [0, 1, 2, 3, 4], [0, 1, 2, 3, 4], [0, 1, 2, 3, 4], [0, 1, 2, 3, 4], [0, 1, 2, 3, 4], [0, 1, 2, 3, 4], [0, 1, 2, 3, 4], [0, 1, 2, 3, 4], [0, 1, 2, 3, 4], [0, 1, 2, 3, 4], [0, 1, 2, 3, 4], [0, 1, 2, 3, 4]]
620;Charlevoix;[1675020, 2314020, 1847020, 1434020];[06:16, 07:40, 15:15, 16:20];[[0, 1, 2, 3, 4], [0, 1, 2, 3, 4], [0, 1, 2, 3, 4], [0, 1, 2, 3, 4]]
635;East Jefferson;[1378020, 1902020, 623020, 889020];[06:00, 07:30, 15:35, 17:10];[[0, 1, 2, 3, 4], [0, 1, 2, 3, 4], [0, 1, 2, 3, 4], [0, 1, 2, 3, 4]]
710;Nine Mile Crosstown;[2622070, 1857020, 2272020, 564070, 3389020, 1829020, 314070, 2937020, 2184020, 101070, 3364020, 3392020, 1491070, 2912020, 2160010, 2020020, 3099070, 1467020, 2574020, 3374070, 633020, 1615010, 782020, 2096070, 2253020, 1500010, 1967020, 2913070, 3001010, 1807020, 3076020, 3390070, 508020, 2892010, 1743010, 1856020, 3116070, 2136020, 1142020, 1589070, 2858010, 2941010, 1294020, 3286020, 3276070, 2209020, 888010, 1574010, 1287020, 2103070, 479020, 1783020, 1536070, 2999010, 1048010, 850020, 103020, 282070, 2249020, 80010, 1696010, 1914020, 2276070, 3062020, 77020, 2267070, 414010, 2313010, 63020, 2895020, 2506070, 1218020, 1107010, 3398010, 3016020, 2413070, 2078020, 3370020, 211070, 1049010, 2352010, 1814020, 846020, 533070, 1417020, 678020, 1584010, 227010, 192070, 853020, 1258020, 3187070, 1244010, 1715010, 1182020, 1082020, 17070, 1145020, 3225010, 2044010, 2951020, 2257070, 826020, 2644020, 1018070, 3200010, 3328020, 998020, 1997070, 3093020, 2265010, 997010, 2064070, 3113020, 2683020, 1596020, 2434070, 672020, 2130020, 2716070, 685010, 1422020, 1071020, 3354010, 1669070, 3028020, 2922020, 89070, 1710020, 217020, 2057070, 2648020, 2054020, 374010, 3135070, 2332020, 2477020, 731070, 2442020, 2915020];[05:23, 05:26, 05:30, 05:35, 05:56, 06:00, 06:04, 06:26, 06:30, 06:35, 06:56, 07:00, 07:06, 07:26, 07:30, 07:30, 07:35, 07:56, 08:00, 08:05, 08:26, 08:30, 08:30, 08:35, 08:56, 09:00, 09:00, 09:05, 09:15, 09:26, 09:30, 09:36, 09:56, 09:57, 10:00, 10:00, 10:08, 10:26, 10:30, 10:36, 10:42, 10:45, 10:56, 11:00, 11:04, 11:26, 11:27, 11:30, 11:30, 11:34, 11:56, 12:00, 12:05, 12:12, 12:15, 12:26, 12:30, 12:35, 12:56, 12:57, 13:00, 13:00, 13:05, 13:26, 13:30, 13:35, 13:42, 13:45, 13:56, 14:00, 14:05, 14:23, 14:28, 14:30, 14:30, 14:34, 14:56, 15:00, 15:05, 15:13, 15:15, 15:26, 15:30, 15:34, 15:56, 15:57, 15:58, 16:00, 16:04, 16:26, 16:30, 16:34, 16:43, 16:45, 16:56, 17:00, 17:03, 17:25, 17:28, 17:28, 17:30, 17:36, 17:56, 18:00, 18:03, 18:16, 18:26, 18:30, 18:35, 18:56, 19:00, 19:01, 19:03, 19:04, 19:26, 19:30, 19:35, 19:56, 20:00, 20:03, 20:20, 20:26, 20:30, 20:31, 20:35, 20:56, 21:00, 21:03, 21:26, 21:30, 21:35, 21:56, 22:00, 22:01, 22:03, 22:26, 22:30, 22:35, 22:56, 23:00];[[5], [0, 1, 2, 3, 4], [0, 1, 2, 3, 4], [5], [0, 1, 2, 3, 4], [0, 1, 2, 3, 4], [5], [0, 1, 2, 3, 4], [0, 1, 2, 3, 4], [5], [0, 1, 2, 3, 4], [0, 1, 2, 3, 4], [5], [0, 1, 2, 3, 4], [6], [0, 1, 2, 3, 4], [5], [0, 1, 2, 3, 4], [0, 1, 2, 3, 4], [5], [0, 1, 2, 3, 4], [6], [0, 1, 2, 3, 4], [5], [0, 1, 2, 3, 4], [6], [0, 1, 2, 3, 4], [5], [6], [0, 1, 2, 3, 4], [0, 1, 2, 3, 4], [5], [0, 1, 2, 3, 4], [6], [6], [0, 1, 2, 3, 4], [5], [0, 1, 2, 3, 4], [0, 1, 2, 3, 4], [5], [6], [6], [0, 1, 2, 3, 4], [0, 1, 2, 3, 4], [5], [0, 1, 2, 3, 4], [6], [6], [0, 1, 2, 3, 4], [5], [0, 1, 2, 3, 4], [0, 1, 2, 3, 4], [5], [6], [6], [0, 1, 2, 3, 4], [0, 1, 2, 3, 4], [5], [0, 1, 2, 3, 4], [6], [6], [0, 1, 2, 3, 4], [5], [0, 1, 2, 3, 4], [0, 1, 2, 3, 4], [5], [6], [6], [0, 1, 2, 3, 4], [0, 1, 2, 3, 4], [5], [0, 1, 2, 3, 4], [6], [6], [0, 1, 2, 3, 4], [5], [0, 1, 2, 3, 4], [0, 1, 2, 3, 4], [5], [6], [6], [0, 1, 2, 3, 4], [0, 1, 2, 3, 4], [5], [0, 1, 2, 3, 4], [0, 1, 2, 3, 4], [6], [6], [5], [0, 1, 2, 3, 4], [0, 1, 2, 3, 4], [5], [6], [6], [0, 1, 2, 3, 4], [0, 1, 2, 3, 4], [5], [0, 1, 2, 3, 4], [6], [6], [0, 1, 2, 3, 4], [5], [0, 1, 2, 3, 4], [0, 1, 2, 3, 4], [5], [6], [0, 1, 2, 3, 4], [0, 1, 2, 3, 4], [5], [0, 1, 2, 3, 4], [6], [6], [5], [0, 1, 2, 3, 4], [0, 1, 2, 3, 4], [0, 1, 2, 3, 4], [5], [0, 1, 2, 3, 4], [0, 1, 2, 3, 4], [5], [6], [0, 1, 2, 3, 4], [0, 1, 2, 3, 4], [6], [5], [0, 1, 2, 3, 4], [0, 1, 2, 3, 4], [5], [0, 1, 2, 3, 4], [0, 1, 2, 3, 4], [5], [0, 1, 2, 3, 4], [0, 1, 2, 3, 4], [6], [5], [0, 1, 2, 3, 4], [0, 1, 2, 3, 4], [5], [0, 1, 2, 3, 4], [0, 1, 2, 3, 4]]
730;Ten Mile Crosstown;[629020, 3065020, 1806020, 1674070, 188070, 1088020, 1076020, 2794020, 1349070, 1240070, 106020, 3271070, 3086070, 1746020, 3304020, 837070, 941070, 2576020, 274070, 1454020, 3027020, 1868070, 275070, 1002020, 2781020, 2953070, 474020, 2214070, 48020, 2065070, 872020, 483070, 1684020, 272070, 1603020, 1533070, 3172020, 1930070, 883020, 1699070, 2227020, 1919070, 1275020, 3019070, 818020, 1716070, 115020, 2123070, 1789020, 2550070, 2118020, 2394070, 2754020, 3265020, 1354070, 1382070, 751020, 1037020, 890020, 2708020, 1074020, 3401020, 1383020, 538020];[05:15, 05:50, 06:15, 06:40, 06:45, 06:50, 07:15, 07:45, 07:45, 07:46, 07:50, 07:52, 08:46, 08:47, 08:51, 08:52, 09:46, 09:47, 09:52, 09:53, 10:46, 10:46, 10:52, 10:53, 11:42, 11:46, 11:50, 11:52, 12:42, 12:46, 12:47, 12:52, 13:42, 13:46, 13:47, 13:51, 14:42, 14:46, 14:47, 14:51, 15:42, 15:46, 15:47, 15:51, 16:43, 16:46, 16:47, 16:51, 17:45, 17:46, 17:47, 17:51, 18:43, 18:45, 18:46, 18:46, 19:40, 19:44, 20:40, 20:44, 21:40, 21:44, 22:40, 22:44];[[0, 1, 2, 3, 4], [0, 1, 2, 3, 4], [0, 1, 2, 3, 4], [5], [5], [0, 1, 2, 3, 4], [0, 1, 2, 3, 4], [0, 1, 2, 3, 4], [5], [5], [0, 1, 2, 3, 4], [5], [5], [0, 1, 2, 3, 4], [0, 1, 2, 3, 4], [5], [5], [0, 1, 2, 3, 4], [5], [0, 1, 2, 3, 4], [0, 1, 2, 3, 4], [5], [5], [0, 1, 2, 3, 4], [0, 1, 2, 3, 4], [5], [0, 1, 2, 3, 4], [5], [0, 1, 2, 3, 4], [5], [0, 1, 2, 3, 4], [5], [0, 1, 2, 3, 4], [5], [0, 1, 2, 3, 4], [5], [0, 1, 2, 3, 4], [5], [0, 1, 2, 3, 4], [5], [0, 1, 2, 3, 4], [5], [0, 1, 2, 3, 4], [5], [0, 1, 2, 3, 4], [5], [0, 1, 2, 3, 4], [5], [0, 1, 2, 3, 4], [5], [0, 1, 2, 3, 4], [5], [0, 1, 2, 3, 4], [0, 1, 2, 3, 4], [5], [5], [0, 1, 2, 3, 4], [0, 1, 2, 3, 4], [0, 1, 2, 3, 4], [0, 1, 2, 3, 4], [0, 1, 2, 3, 4], [0, 1, 2, 3, 4], [0, 1, 2, 3, 4], [0, 1, 2, 3, 4]]
740;Twelve Mile Crosstown;[1686070, 738020, 1673020, 2080070, 223020, 1173070, 986020, 1108070, 1760020, 2807070, 2264020, 2284070, 2557020, 3139070, 812010, 1404020, 335070, 2426020, 198070, 1744010, 2697010, 2590020, 427070, 1865020, 2876070, 1698010, 525010, 3205020, 152070, 446020, 681070, 2973010, 2277010, 3350020, 3346070, 3041020, 2933070, 131010, 2127020, 1843070, 1227010, 2075020, 1555070, 1599010, 2817020, 741070, 168010, 626020, 638070, 1166020, 2798070, 996010, 96010, 1461020, 2920070, 2546020, 3266010, 442070, 1516010, 88020, 1403070, 279020, 2867070, 2968010, 992010, 1414020, 1099070, 1520020, 3247070, 297010, 611010, 413020, 3351070, 877020, 1358070, 3210010, 2621010, 1316020, 2632070, 16020, 1372070, 2105010, 1888010, 1651020, 1775070, 390020, 456070, 2678010, 2309020, 3130070, 2960020, 2402070, 2797020, 948070, 1879020, 1042070, 1858020, 3073070, 1160070, 2115020];[04:27, 04:30, 04:59, 05:00, 05:23, 05:33, 05:59, 06:00, 06:26, 06:40, 06:57, 07:00, 07:22, 07:32, 07:55, 07:59, 08:00, 08:25, 08:30, 08:55, 08:55, 08:59, 09:00, 09:25, 09:30, 09:55, 09:55, 09:58, 10:00, 10:25, 10:33, 10:55, 10:55, 10:59, 11:00, 11:25, 11:34, 11:55, 11:59, 12:00, 12:00, 12:25, 12:34, 12:55, 13:00, 13:00, 13:05, 13:24, 13:33, 13:59, 14:00, 14:00, 14:04, 14:24, 14:37, 14:56, 14:59, 15:00, 15:10, 15:24, 15:33, 16:00, 16:00, 16:05, 16:10, 16:24, 16:29, 16:59, 17:00, 17:05, 17:10, 17:25, 17:28, 17:59, 18:00, 18:05, 18:10, 18:25, 18:28, 18:59, 19:00, 19:05, 19:15, 19:25, 19:28, 19:59, 20:00, 20:10, 20:25, 20:28, 20:59, 21:00, 21:34, 21:34, 21:59, 22:00, 22:34, 22:34, 23:00, 23:00];[[5], [0, 1, 2, 3, 4], [0, 1, 2, 3, 4], [5], [0, 1, 2, 3, 4], [5], [0, 1, 2, 3, 4], [5], [0, 1, 2, 3, 4], [5], [0, 1, 2, 3, 4], [5], [0, 1, 2, 3, 4], [5], [6], [0, 1, 2, 3, 4], [5], [0, 1, 2, 3, 4], [5], [6], [6], [0, 1, 2, 3, 4], [5], [0, 1, 2, 3, 4], [5], [6], [6], [0, 1, 2, 3, 4], [5], [0, 1, 2, 3, 4], [5], [6], [6], [0, 1, 2, 3, 4], [5], [0, 1, 2, 3, 4], [5], [6], [0, 1, 2, 3, 4], [5], [6], [0, 1, 2, 3, 4], [5], [6], [0, 1, 2, 3, 4], [5], [6], [0, 1, 2, 3, 4], [5], [0, 1, 2, 3, 4], [5], [6], [6], [0, 1, 2, 3, 4], [5], [0, 1, 2, 3, 4], [6], [5], [6], [0, 1, 2, 3, 4], [5], [0, 1, 2, 3, 4], [5], [6], [6], [0, 1, 2, 3, 4], [5], [0, 1, 2, 3, 4], [5], [6], [6], [0, 1, 2, 3, 4], [5], [0, 1, 2, 3, 4], [5], [6], [6], [0, 1, 2, 3, 4], [5], [0, 1, 2, 3, 4], [5], [6], [6], [0, 1, 2, 3, 4], [5], [0, 1, 2, 3, 4], [5], [6], [0, 1, 2, 3, 4], [5], [0, 1, 2, 3, 4], [5], [0, 1, 2, 3, 4], [5], [0, 1, 2, 3, 4], [5], [0, 1, 2, 3, 4], [5], [5], [0, 1, 2, 3, 4]]
759;Highland Road;[249020, 1562020, 2982020, 858020, 2891020, 1065020, 2863070, 993020, 394020, 3182070, 2819020, 1718070, 658070, 1246020, 400020, 1936070, 1375070, 2098020, 743070, 108020, 2935020, 1468070, 3407020, 424070, 1924070, 1993020, 803070, 2580020, 571020, 2612070, 1657070, 1948020, 1969070, 579020, 1093020, 2004070, 946070, 2681020, 3290070, 2177020, 2540020, 1849070, 808020, 1785070, 587070, 433020, 220020, 2207070, 3033070, 340070, 2748020, 1624020, 1733070, 1895020, 2052020, 1331020, 2379020, 705020, 673020, 2930020, 1362020, 3296020, 1668020, 1298020, 795020];[05:45, 06:26, 06:35, 07:13, 07:25, 08:03, 08:15, 08:15, 08:53, 09:05, 09:05, 09:13, 09:44, 09:44, 09:55, 10:15, 10:34, 10:34, 10:45, 10:45, 11:24, 11:29, 11:35, 11:35, 12:14, 12:14, 12:25, 12:25, 13:04, 13:04, 13:15, 13:15, 13:51, 13:51, 14:05, 14:05, 14:41, 14:41, 14:50, 14:55, 15:31, 15:31, 15:45, 15:45, 16:11, 16:21, 16:35, 16:35, 17:02, 17:10, 17:11, 17:25, 17:48, 18:06, 18:15, 18:56, 19:05, 19:46, 19:55, 20:36, 20:45, 21:06, 21:35, 21:51, 22:41];[[0, 1, 2, 3, 4], [0, 1, 2, 3, 4], [0, 1, 2, 3, 4], [0, 1, 2, 3, 4], [0, 1, 2, 3, 4], [0, 1, 2, 3, 4], [5], [0, 1, 2, 3, 4], [0, 1, 2, 3, 4], [5], [0, 1, 2, 3, 4], [5], [5], [0, 1, 2, 3, 4], [0, 1, 2, 3, 4], [5], [5], [0, 1, 2, 3, 4], [5], [0, 1, 2, 3, 4], [0, 1, 2, 3, 4], [5], [0, 1, 2, 3, 4], [5], [5], [0, 1, 2, 3, 4], [5], [0, 1, 2, 3, 4], [0, 1, 2, 3, 4], [5], [5], [0, 1, 2, 3, 4], [5], [0, 1, 2, 3, 4], [0, 1, 2, 3, 4], [5], [5], [0, 1, 2, 3, 4], [5], [0, 1, 2, 3, 4], [0, 1, 2, 3, 4], [5], [0, 1, 2, 3, 4], [5], [5], [0, 1, 2, 3, 4], [0, 1, 2, 3, 4], [5], [5], [5], [0, 1, 2, 3, 4], [0, 1, 2, 3, 4], [5], [0, 1, 2, 3, 4], [0, 1, 2, 3, 4], [0, 1, 2, 3, 4], [0, 1, 2, 3, 4], [0, 1, 2, 3, 4], [0, 1, 2, 3, 4], [0, 1, 2, 3, 4], [0, 1, 2, 3, 4], [0, 1, 2, 3, 4], [0, 1, 2, 3, 4], [0, 1, 2, 3, 4], [0, 1, 2, 3, 4]]
760;13 Mile / 14 Mile Crosstown;[3190020, 1951020, 1064020, 2642020, 2311020, 158020, 1296020, 1370020, 1304020, 1956020, 3371020, 2051020, 3175020, 422020, 791020, 2780020, 1903020, 286020, 54020, 459020, 2943020, 1909020, 2236020, 1748020, 2496020, 792020, 1325020, 3047020, 1655020, 1459020, 2910020, 1906020, 2866020, 3207020];[04:47, 05:05, 05:45, 06:05, 06:45, 07:05, 07:45, 08:05, 08:47, 09:05, 09:45, 10:05, 10:35, 11:05, 11:37, 12:05, 12:39, 13:05, 13:36, 14:05, 14:40, 15:15, 15:56, 16:15, 17:05, 17:25, 18:12, 18:45, 19:11, 19:41, 20:10, 20:45, 21:16, 21:45];[[0, 1, 2, 3, 4], [0, 1, 2, 3, 4], [0, 1, 2, 3, 4], [0, 1, 2, 3, 4], [0, 1, 2, 3, 4], [0, 1, 2, 3, 4], [0, 1, 2, 3, 4], [0, 1, 2, 3, 4], [0, 1, 2, 3, 4], [0, 1, 2, 3, 4], [0, 1, 2, 3, 4], [0, 1, 2, 3, 4], [0, 1, 2, 3, 4], [0, 1, 2, 3, 4], [0, 1, 2, 3, 4], [0, 1, 2, 3, 4], [0, 1, 2, 3, 4], [0, 1, 2, 3, 4], [0, 1, 2, 3, 4], [0, 1, 2, 3, 4], [0, 1, 2, 3, 4], [0, 1, 2, 3, 4], [0, 1, 2, 3, 4], [0, 1, 2, 3, 4], [0, 1, 2, 3, 4], [0, 1, 2, 3, 4], [0, 1, 2, 3, 4], [0, 1, 2, 3, 4], [0, 1, 2, 3, 4], [0, 1, 2, 3, 4], [0, 1, 2, 3, 4], [0, 1, 2, 3, 4], [0, 1, 2, 3, 4], [0, 1, 2, 3, 4]]
780;15 Mile Crosstown;[2338070, 1281020, 2191020, 1488070, 1272020, 724070, 3055020, 2995070, 1641020, 164020, 1415070, 212070, 800020, 1887070, 1940020, 2238070, 1262020, 523070, 1981020, 2874070, 2483020, 2324070, 303020, 2562070, 1660020, 93070, 2729070, 1033020, 2411020, 2489020, 1585070, 3107070, 1431020, 1143070, 62020, 2367070, 1704070, 2789020, 1132020, 1507070, 1293020, 701070, 2203020, 1069070, 2351020, 238020, 2071070, 3249070, 3010020, 3310020, 574070, 3038070, 2283020, 361020, 3006070, 3159070, 2559020, 2356020, 3128070, 1290070, 3338020, 1043020, 2620070, 171070, 2431020, 1654020, 1456070, 2422070, 1546020, 2447020, 2886070, 752020];[05:10, 05:11, 05:40, 05:43, 06:06, 06:08, 06:40, 06:43, 06:59, 07:04, 07:06, 07:07, 07:50, 08:01, 08:05, 08:07, 08:51, 08:59, 09:06, 09:08, 09:49, 09:59, 10:06, 10:08, 10:54, 10:56, 11:11, 11:13, 12:03, 12:08, 12:10, 12:13, 12:55, 12:58, 12:59, 13:09, 13:58, 13:59, 14:02, 14:13, 15:01, 15:04, 15:10, 15:13, 15:53, 16:00, 16:14, 16:17, 16:59, 17:10, 17:13, 17:19, 18:05, 18:08, 18:13, 18:21, 19:08, 19:10, 19:18, 19:19, 20:08, 20:10, 20:19, 20:28, 21:08, 21:10, 21:19, 21:28, 22:03, 22:10, 22:13, 22:58];[[5], [0, 1, 2, 3, 4], [0, 1, 2, 3, 4], [5], [0, 1, 2, 3, 4], [5], [0, 1, 2, 3, 4], [5], [0, 1, 2, 3, 4], [0, 1, 2, 3, 4], [5], [5], [0, 1, 2, 3, 4], [5], [0, 1, 2, 3, 4], [5], [0, 1, 2, 3, 4], [5], [0, 1, 2, 3, 4], [5], [0, 1, 2, 3, 4], [5], [0, 1, 2, 3, 4], [5], [0, 1, 2, 3, 4], [5], [5], [0, 1, 2, 3, 4], [0, 1, 2, 3, 4], [0, 1, 2, 3, 4], [5], [5], [0, 1, 2, 3, 4], [5], [0, 1, 2, 3, 4], [5], [5], [0, 1, 2, 3, 4], [0, 1, 2, 3, 4], [5], [0, 1, 2, 3, 4], [5], [0, 1, 2, 3, 4], [5], [0, 1, 2, 3, 4], [0, 1, 2, 3, 4], [5], [5], [0, 1, 2, 3, 4], [0, 1, 2, 3, 4], [5], [5], [0, 1, 2, 3, 4], [0, 1, 2, 3, 4], [5], [5], [0, 1, 2, 3, 4], [0, 1, 2, 3, 4], [5], [5], [0, 1, 2, 3, 4], [0, 1, 2, 3, 4], [5], [5], [0, 1, 2, 3, 4], [0, 1, 2, 3, 4], [5], [5], [0, 1, 2, 3, 4], [0, 1, 2, 3, 4], [5], [0, 1, 2, 3, 4]]
790;Pontiac Crosstown;[1460070, 3180020, 598020, 510070, 1582020, 352070, 338020, 1978070, 2261020, 2788070, 2009010, 2832020, 1338070, 2790020, 2785070, 2414010, 2553010, 1889020, 1217070, 600020, 2174070, 1860010, 3383010, 1405070, 536020, 693070, 2650020, 1873010, 1236010, 2023020, 1276070, 560070, 2387020, 458010, 3066010, 2956020, 109070, 1656020, 1271070, 445010, 1261020, 3150070, 3031010, 1104020, 270070, 1876070, 189010, 381020, 1630010, 2643020, 3152070, 376010, 2215070, 1214010, 1307020, 882020, 2851070, 2593020, 3214070, 2150010, 2122010, 224070, 1083020, 1628020, 1412010, 859070, 1652010, 515020, 622070, 1122010, 3315020, 2412070, 2031010, 1381020, 3302070, 2547010, 1289010, 1144020, 1883070, 1039020, 1495070, 1365010, 972010, 2341020, 785070, 908020, 1738070, 156020, 180070, 23020, 1306070, 2259020, 3181070];[04:53, 04:53, 05:43, 05:44, 06:20, 06:22, 06:43, 06:44, 07:20, 07:22, 07:33, 07:38, 07:44, 08:20, 08:22, 08:33, 08:36, 08:38, 08:44, 09:21, 09:23, 09:33, 09:36, 09:46, 09:48, 10:20, 10:20, 10:33, 10:36, 10:45, 10:45, 11:20, 11:22, 11:33, 11:36, 11:45, 11:45, 12:16, 12:20, 12:33, 12:45, 12:45, 12:46, 13:15, 13:19, 13:42, 13:43, 13:45, 13:46, 14:20, 14:22, 14:43, 14:43, 14:46, 14:49, 15:20, 15:22, 15:43, 15:43, 15:43, 15:46, 16:22, 16:24, 16:42, 16:43, 16:43, 16:46, 17:20, 17:23, 17:43, 17:45, 17:45, 17:46, 18:13, 18:20, 18:43, 18:46, 18:50, 18:53, 19:13, 19:20, 19:43, 19:46, 19:50, 19:53, 20:13, 20:20, 20:50, 20:53, 21:13, 21:20, 21:50, 21:53];[[5], [0, 1, 2, 3, 4], [0, 1, 2, 3, 4], [5], [0, 1, 2, 3, 4], [5], [0, 1, 2, 3, 4], [5], [0, 1, 2, 3, 4], [5], [6], [0, 1, 2, 3, 4], [5], [0, 1, 2, 3, 4], [5], [6], [6], [0, 1, 2, 3, 4], [5], [0, 1, 2, 3, 4], [5], [6], [6], [5], [0, 1, 2, 3, 4], [5], [0, 1, 2, 3, 4], [6], [6], [0, 1, 2, 3, 4], [5], [5], [0, 1, 2, 3, 4], [6], [6], [0, 1, 2, 3, 4], [5], [0, 1, 2, 3, 4], [5], [6], [0, 1, 2, 3, 4], [5], [6], [0, 1, 2, 3, 4], [5], [5], [6], [0, 1, 2, 3, 4], [6], [0, 1, 2, 3, 4], [5], [6], [5], [6], [0, 1, 2, 3, 4], [0, 1, 2, 3, 4], [5], [0, 1, 2, 3, 4], [5], [6], [6], [5], [0, 1, 2, 3, 4], [0, 1, 2, 3, 4], [6], [5], [6], [0, 1, 2, 3, 4], [5], [6], [0, 1, 2, 3, 4], [5], [6], [0, 1, 2, 3, 4], [5], [6], [6], [0, 1, 2, 3, 4], [5], [0, 1, 2, 3, 4], [5], [6], [6], [0, 1, 2, 3, 4], [5], [0, 1, 2, 3, 4], [5], [0, 1, 2, 3, 4], [5], [0, 1, 2, 3, 4], [5], [0, 1, 2, 3, 4], [5]]
805;Grand River P&R;[1601020, 3048020, 1671020, 2926020, 469020, 1729020];[05:20, 05:50, 06:20, 15:17, 15:47, 16:50];[[0, 1, 2, 3, 4], [0, 1, 2, 3, 4], [0, 1, 2, 3, 4], [0, 1, 2, 3, 4], [0, 1, 2, 3, 4], [0, 1, 2, 3, 4]]
830;Downriver P&R;[2522020, 2125020, 1045020, 620020, 1448020, 1594020];[05:54, 06:23, 06:53, 15:40, 16:10, 16:40];[[0, 1, 2, 3, 4], [0, 1, 2, 3, 4], [0, 1, 2, 3, 4], [0, 1, 2, 3, 4], [0, 1, 2, 3, 4], [0, 1, 2, 3, 4]]
851;West Bloomfield-Farmington Hills P&R;[1497020, 1753020, 1968020, 3253020, 2166020, 1818020];[05:31, 06:31, 07:21, 15:10, 15:50, 16:40];[[0, 1, 2, 3, 4], [0, 1, 2, 3, 4], [0, 1, 2, 3, 4], [0, 1, 2, 3, 4], [0, 1, 2, 3, 4], [0, 1, 2, 3, 4]]
