1;Dover / Somersworth / Berwick;[trip_1n_0538_oct25, trip_1s_0555_oct25, trip_1n_0630_oct25, trip_1s_0655_oct25, trip_1n_0730_oct25, trip_1s_0755_oct25, trip_1n_0930_oct25, trip_1s_0955_oct25, trip_1n_1030_oct25, trip_1s_1055_oct25, trip_1n_1130_oct25, trip_1s_1155_oct25, trip_1n_1230_oct25, trip_1s_1255_oct25, trip_1n_1330_oct25, trip_1s_1355_oct25, trip_1n_1430_oct25, trip_1s_1455_oct25, trip_1n_1530_oct25, trip_1s_1555_oct25, trip_1n_1630_oct25, trip_1s_1655_oct25, trip_1n_1730_oct25, trip_1s_1755_oct25, trip_1n_1830_oct25, trip_1s_1855_oct25];[05:38, 05:55, 06:30, 06:55, 07:30, 07:55, 09:30, 09:55, 10:30, 10:55, 11:30, 11:55, 12:30, 12:55, 13:30, 13:55, 14:30, 14:55, 15:30, 15:55, 16:30, 16:55, 17:30, 17:55, 18:30, 18:55];[[0, 1, 2, 3, 4, 5], [0, 1, 2, 3, 4, 5], [0, 1, 2, 3, 4, 5], [0, 1, 2, 3, 4, 5], [0, 1, 2, 3, 4, 5], [0, 1, 2, 3, 4, 5], [0, 1, 2, 3, 4, 5], [0, 1, 2, 3, 4, 5], [0, 1, 2, 3, 4, 5], [0, 1, 2, 3, 4, 5], [0, 1, 2, 3, 4, 5], [0, 1, 2, 3, 4, 5], [0, 1, 2, 3, 4, 5], [0, 1, 2, 3, 4, 5], [0, 1, 2, 3, 4, 5], [0, 1, 2, 3, 4, 5], [0, 1, 2, 3, 4, 5], [0, 1, 2, 3, 4, 5], [0, 1, 2, 3, 4, 5], [0, 1, 2, 3, 4, 5], [0, 1, 2, 3, 4, 5], [0, 1, 2, 3, 4, 5], [0, 1, 2, 3, 4, 5], [0, 1, 2, 3, 4, 5], [0, 1, 2, 3, 4, 5], [0, 1, 2, 3, 4, 5]]
12;Rochester / Somersworth / Dover;[trip_12s_0554_oct25, trip_12n_0630_oct25, trip_12s_0654_oct25, trip_12n_0730_oct25, trip_12s_0754_oct25, trip_12n_0830_oct25, trip_12s_0854_oct25, trip_12n_0930_oct25, trip_12s_0954_oct25, trip_12n_1030_oct25, trip_12s_1054_oct25, trip_12n_1130_oct25, trip_12s_1154_oct25, trip_12n_1230_oct25, trip_12s_1254_oct25, trip_12n_1330_oct25, trip_12s_1354_oct25, trip_12n_1430_oct25, trip_12s_1454_oct25, trip_12n_1530_oct25, trip_12s_1554_oct25, trip_12n_1630_oct25, trip_12s_1654_oct25, trip_12n_1730_oct25, trip_12s_1754_oct25, trip_12n_1830_oct25, trip_12s_1854_oct25, trip_12n_1930_oct25];[05:55, 06:30, 06:55, 07:30, 07:55, 08:30, 08:55, 09:30, 09:55, 10:30, 10:55, 11:30, 11:55, 12:30, 12:55, 13:30, 13:55, 14:30, 14:55, 15:30, 15:55, 16:30, 16:55, 17:30, 17:55, 18:30, 18:55, 19:30];[[0, 1, 2, 3, 4, 5], [0, 1, 2, 3, 4, 5], [0, 1, 2, 3, 4, 5], [0, 1, 2, 3, 4, 5], [0, 1, 2, 3, 4, 5], [0, 1, 2, 3, 4, 5], [0, 1, 2, 3, 4, 5], [0, 1, 2, 3, 4, 5], [0, 1, 2, 3, 4, 5], [0, 1, 2, 3, 4, 5], [0, 1, 2, 3, 4, 5], [0, 1, 2, 3, 4, 5], [0, 1, 2, 3, 4, 5], [0, 1, 2, 3, 4, 5], [0, 1, 2, 3, 4, 5], [0, 1, 2, 3, 4, 5], [0, 1, 2, 3, 4, 5], [0, 1, 2, 3, 4, 5], [0, 1, 2, 3, 4, 5], [0, 1, 2, 3, 4, 5], [0, 1, 2, 3, 4, 5], [0, 1, 2, 3, 4, 5], [0, 1, 2, 3, 4, 5], [0, 1, 2, 3, 4, 5], [0, 1, 2, 3, 4, 5], [0, 1, 2, 3, 4, 5], [0, 1, 2, 3, 4, 5], [0, 1, 2, 3, 4, 5]]
13;Dover / Portsmouth;[trip_13s_0530_oct25, trip_13n_0556_oct25, trip_13s_0630_oct25, trip_13n_0700_oct25, trip_13s_0730_oct25, trip_13n_0800_oct25, trip_13s_0830_oct25, trip_13n_0900_oct25, trip_13s_0930_oct25, trip_13n_1000_oct25, trip_13s_1030_oct25, trip_13n_1100_oct25, trip_13s_1130_oct25, trip_13n_1200_oct25, trip_13s_1230_oct25, trip_13n_1300_oct25, trip_13s_1330_oct25, trip_13n_1400_oct25, trip_13s_1430_oct25, trip_13n_1500_oct25, trip_13s_1530_oct25, trip_13n_1600_oct25, trip_13s_1630_oct25, trip_13n_1700_oct25, trip_13s_1730_oct25, trip_13n_1800_oct25, trip_13s_1830_oct25, trip_13n_1900_oct25];[05:30, 05:55, 06:30, 07:00, 07:30, 08:00, 08:30, 09:00, 09:30, 10:00, 10:30, 11:00, 11:30, 12:00, 12:30, 13:00, 13:30, 14:00, 14:30, 15:00, 15:30, 16:00, 16:30, 17:00, 17:30, 18:00, 18:30, 19:00];[[0, 1, 2, 3, 4, 5], [0, 1, 2, 3, 4, 5], [0, 1, 2, 3, 4, 5], [0, 1, 2, 3, 4, 5], [0, 1, 2, 3, 4, 5], [0, 1, 2, 3, 4, 5], [0, 1, 2, 3, 4, 5], [0, 1, 2, 3, 4, 5], [0, 1, 2, 3, 4, 5], [0, 1, 2, 3, 4, 5], [0, 1, 2, 3, 4, 5], [0, 1, 2, 3, 4, 5], [0, 1, 2, 3, 4, 5], [0, 1, 2, 3, 4, 5], [0, 1, 2, 3, 4, 5], [0, 1, 2, 3, 4, 5], [0, 1, 2, 3, 4, 5], [0, 1, 2, 3, 4, 5], [0, 1, 2, 3, 4, 5], [0, 1, 2, 3, 4, 5], [0, 1, 2, 3, 4, 5], [0, 1, 2, 3, 4, 5], [0, 1, 2, 3, 4, 5], [0, 1, 2, 3, 4, 5], [0, 1, 2, 3, 4, 5], [0, 1, 2, 3, 4, 5], [0, 1, 2, 3, 4, 5], [0, 1, 2, 3, 4, 5]]
14;Rochester;[trip_14n_0641_oct25, trip_14s_0700_oct25, trip_14n_0741_oct25, trip_14s_0800_oct25, trip_14n_0841_oct25, trip_14s_0900_oct25, trip_14n_0941_oct25, trip_14s_1000_oct25, trip_14n_1041_oct25, trip_14s_1100_oct25, trip_14n_1141_oct25, trip_14s_1200_oct25, trip_14n_1241_oct25, trip_14s_1300_oct25, trip_14n_1341_oct25, trip_14s_1400_oct25, trip_14n_1441_oct25, trip_14s_1500_oct25, trip_14n_1541_oct25, trip_14s_1600_oct25, trip_14n_1641_oct25, trip_14s_1700_oct25, trip_14n_1741_oct25, trip_14s_1800_oct25, trip_14n_1841_oct25, trip_14s_1900_oct25, trip_14s_2000_oct25];[06:44, 07:00, 07:44, 08:00, 08:44, 09:00, 09:44, 10:00, 10:44, 11:00, 11:44, 12:00, 12:44, 13:00, 13:44, 14:00, 14:44, 15:00, 15:44, 16:00, 16:44, 17:00, 17:44, 18:00, 18:44, 19:00, 20:00];[[0, 1, 2, 3, 4, 5], [0, 1, 2, 3, 4, 5], [0, 1, 2, 3, 4, 5], [0, 1, 2, 3, 4, 5], [0, 1, 2, 3, 4, 5], [0, 1, 2, 3, 4, 5], [0, 1, 2, 3, 4, 5], [0, 1, 2, 3, 4, 5], [0, 1, 2, 3, 4, 5], [0, 1, 2, 3, 4, 5], [0, 1, 2, 3, 4, 5], [0, 1, 2, 3, 4, 5], [0, 1, 2, 3, 4, 5], [0, 1, 2, 3, 4, 5], [0, 1, 2, 3, 4, 5], [0, 1, 2, 3, 4, 5], [0, 1, 2, 3, 4, 5], [0, 1, 2, 3, 4, 5], [0, 1, 2, 3, 4, 5], [0, 1, 2, 3, 4, 5], [0, 1, 2, 3, 4, 5], [0, 1, 2, 3, 4, 5], [0, 1, 2, 3, 4, 5], [0, 1, 2, 3, 4, 5], [0, 1, 2, 3, 4, 5], [0, 1, 2, 3, 4, 5], [0, 1, 2, 3, 4, 5]]
33;Downtown Dover to County Complex;[trip_33i_0612_oct25, trip_33o_0630_oct25, trip_33i_0659_oct25, trip_33o_0730_oct25, trip_33i_0759_oct25, trip_33o_0930_oct25, trip_33i_0959_oct25, trip_33o_1030_oct25, trip_33i_1059_oct25, trip_33o_1130_oct25, trip_33i_1159_oct25, trip_33o_1230_oct25, trip_33i_1259_oct25, trip_33o_1330_oct25, trip_33i_1359_oct25, trip_33o_1430_oct25, trip_33i_1459_oct25, trip_33o_1530_oct25, trip_33i_1559_oct25, trip_33o_1630_oct25, trip_33i_1659_oct25, trip_33o_1730_oct25, trip_33i_1759_oct25, trip_33o_1830_oct25, trip_33i_1859_oct25, trip_33o_1930_oct25, trip_33i_1944_oct25];[06:12, 06:30, 06:59, 07:30, 07:59, 09:30, 09:59, 10:30, 10:59, 11:30, 11:59, 12:30, 12:59, 13:30, 13:59, 14:30, 14:59, 15:30, 15:59, 16:30, 16:59, 17:30, 17:59, 18:30, 18:59, 19:30, 19:44];[[0, 1, 2, 3, 4, 5], [0, 1, 2, 3, 4, 5], [0, 1, 2, 3, 4, 5], [0, 1, 2, 3, 4, 5], [0, 1, 2, 3, 4, 5], [0, 1, 2, 3, 4, 5], [0, 1, 2, 3, 4, 5], [0, 1, 2, 3, 4, 5], [0, 1, 2, 3, 4, 5], [0, 1, 2, 3, 4, 5], [0, 1, 2, 3, 4, 5], [0, 1, 2, 3, 4, 5], [0, 1, 2, 3, 4, 5], [0, 1, 2, 3, 4, 5], [0, 1, 2, 3, 4, 5], [0, 1, 2, 3, 4, 5], [0, 1, 2, 3, 4, 5], [0, 1, 2, 3, 4, 5], [0, 1, 2, 3, 4, 5], [0, 1, 2, 3, 4, 5], [0, 1, 2, 3, 4, 5], [0, 1, 2, 3, 4, 5], [0, 1, 2, 3, 4, 5], [0, 1, 2, 3, 4, 5], [0, 1, 2, 3, 4, 5], [0, 1, 2, 3, 4, 5], [0, 1, 2, 3, 4, 5]]
34;Downtown Dover / Knox Marsh Rd.;[trip_34i_0517_oct25, trip_34i_0617_oct25, trip_34o_0830_oct25, trip_34i_0917_oct25, trip_34i_1217_oct25, trip_34o_1230_oct25, trip_34i_1317_oct25, trip_34o_1330_oct25, trip_34i_1617_oct25, trip_34o_1630_oct25, trip_34i_1717_oct25, trip_34o_1730_oct25, trip_34i_1817_oct25, trip_34o_1830_oct25, trip_34o_1930_oct25, trip_34o_1957_oct25];[05:17, 06:17, 08:30, 09:17, 12:17, 12:30, 13:17, 13:30, 16:17, 16:30, 17:17, 17:30, 18:17, 18:30, 19:30, 19:57];[[0, 1, 2, 3, 4, 5], [0, 1, 2, 3, 4, 5], [0, 1, 2, 3, 4, 5], [0, 1, 2, 3, 4, 5], [0, 1, 2, 3, 4, 5], [0, 1, 2, 3, 4, 5], [0, 1, 2, 3, 4, 5], [0, 1, 2, 3, 4, 5], [0, 1, 2, 3, 4, 5], [0, 1, 2, 3, 4, 5], [0, 1, 2, 3, 4, 5], [0, 1, 2, 3, 4, 5], [0, 1, 2, 3, 4, 5], [0, 1, 2, 3, 4, 5], [0, 1, 2, 3, 4, 5], [0, 1, 2, 3, 4, 5]]
40;Islington / Borthwick Trolley;[trip_40o_0700_oct25, trip_40i_0724_oct25, trip_40o_0800_oct25, trip_40i_0824_oct25, trip_40o_0900_oct25, trip_40i_0924_oct25, trip_40o_1000_oct25, trip_40i_1024_oct25, trip_40o_1100_oct25, trip_40i_1124_oct25, trip_40o_1200_oct25, trip_40i_1224_oct25, trip_40o_1300_oct25, trip_40i_1324_oct25, trip_40o_1400_oct25, trip_40i_1424_oct25, trip_40o_1500_oct25, trip_40i_1524_oct25, trip_40o_1600_oct25, trip_40i_1624_oct25, trip_40o_1700_oct25, trip_40i_1724_oct25, trip_40o_1800_oct25, trip_40i_1824_oct25];[07:00, 07:26, 08:00, 08:26, 09:00, 09:26, 10:00, 10:26, 11:00, 11:26, 12:00, 12:26, 13:00, 13:26, 14:00, 14:26, 15:00, 15:26, 16:00, 16:26, 17:00, 17:26, 18:00, 18:26];[[0, 1, 2, 3, 4, 5], [0, 1, 2, 3, 4, 5], [0, 1, 2, 3, 4, 5], [0, 1, 2, 3, 4, 5], [0, 1, 2, 3, 4, 5], [0, 1, 2, 3, 4, 5], [0, 1, 2, 3, 4, 5], [0, 1, 2, 3, 4, 5], [0, 1, 2, 3, 4, 5], [0, 1, 2, 3, 4, 5], [0, 1, 2, 3, 4, 5], [0, 1, 2, 3, 4, 5], [0, 1, 2, 3, 4, 5], [0, 1, 2, 3, 4, 5], [0, 1, 2, 3, 4, 5], [0, 1, 2, 3, 4, 5], [0, 1, 2, 3, 4, 5], [0, 1, 2, 3, 4, 5], [0, 1, 2, 3, 4, 5], [0, 1, 2, 3, 4, 5], [0, 1, 2, 3, 4, 5], [0, 1, 2, 3, 4, 5], [0, 1, 2, 3, 4, 5], [0, 1, 2, 3, 4, 5]]
41;Lafayette Trolley;[trip_41o_0600_sat_oct25, trip_41o_0600_oct25, trip_41i_0630_sat_oct25, trip_41i_0630_oct25, trip_41o_0700_sat_oct25, trip_41o_0700_oct25, trip_41i_0730_sat_oct25, trip_41i_0730_oct25, trip_41o_0800_sat_oct25, trip_41o_0800_oct25, trip_41i_0830_sat_oct25, trip_41i_0830_oct25, trip_41o_0900_sat_oct25, trip_41o_0900_oct25, trip_41i_0930_sat_oct25, trip_41i_0930_oct25, trip_41o_1000_sat_oct25, trip_41o_1000_oct25, trip_41i_1030_sat_oct25, trip_41i_1030_oct25, trip_41o_1100_sat_oct25, trip_41o_1100_oct25, trip_41i_1130_sat_oct25, trip_41i_1130_oct25, trip_41o_1200_sat_oct25, trip_41o_1200_oct25, trip_41i_1230_sat_oct25, trip_41i_1230_oct25, trip_41o_1300_sat_oct25, trip_41o_1300_oct25, trip_41i_1330_sat_oct25, trip_41i_1330_oct25, trip_41o_1400_sat_oct25, trip_41o_1400_oct25, trip_41i_1430_sat_oct25, trip_41i_1430_oct25, trip_41o_1500_sat_oct25, trip_41o_1500_oct25, trip_41i_1530_sat_oct25, trip_41i_1530_oct25, trip_41o_1600_sat_oct25, trip_41o_1600_oct25, trip_41i_1630_sat_oct25, trip_41i_1630_oct25, trip_41o_1700_sat_oct25, trip_41o_1700_oct25, trip_41i_1730_sat_oct25, trip_41i_1730_oct25, trip_41o_1800_sat_oct25, trip_41o_1800_oct25, trip_41i_1830_sat_oct25, trip_41i_1830_oct25, trip_41o_1900_sat_oct25, trip_41o_1900_oct25, trip_41i_1930_sat_oct25, trip_41i_1930_oct25];[06:00, 06:00, 06:30, 06:30, 07:00, 07:00, 07:30, 07:30, 08:00, 08:00, 08:30, 08:30, 09:00, 09:00, 09:30, 09:30, 10:00, 10:00, 10:30, 10:30, 11:00, 11:00, 11:30, 11:30, 12:00, 12:00, 12:30, 12:30, 13:00, 13:00, 13:30, 13:30, 14:00, 14:00, 14:30, 14:30, 15:00, 15:00, 15:30, 15:30, 16:00, 16:00, 16:30, 16:30, 17:00, 17:00, 17:30, 17:30, 18:00, 18:00, 18:30, 18:30, 19:00, 19:00, 19:30, 19:30];[[5], [0, 1, 2, 3, 4], [5], [0, 1, 2, 3, 4], [5], [0, 1, 2, 3, 4], [5], [0, 1, 2, 3, 4], [5], [0, 1, 2, 3, 4], [5], [0, 1, 2, 3, 4], [5], [0, 1, 2, 3, 4], [5], [0, 1, 2, 3, 4], [5], [0, 1, 2, 3, 4], [5], [0, 1, 2, 3, 4], [5], [0, 1, 2, 3, 4], [5], [0, 1, 2, 3, 4], [5], [0, 1, 2, 3, 4], [5], [0, 1, 2, 3, 4], [5], [0, 1, 2, 3, 4], [5], [0, 1, 2, 3, 4], [5], [0, 1, 2, 3, 4], [5], [0, 1, 2, 3, 4], [5], [0, 1, 2, 3, 4], [5], [0, 1, 2, 3, 4], [5], [0, 1, 2, 3, 4], [5], [0, 1, 2, 3, 4], [5], [0, 1, 2, 3, 4], [5], [0, 1, 2, 3, 4], [5], [0, 1, 2, 3, 4], [5], [0, 1, 2, 3, 4], [5], [0, 1, 2, 3, 4], [5], [0, 1, 2, 3, 4]]
43;Newington / Portsmouth;[trip_43e_0630_oct25, trip_43i_0645_oct25, trip_43o_0700_oct25, trip_43i_0718_oct25, trip_43o_0800_oct25, trip_43i_0818_oct25, trip_43o_0900_oct25, trip_43i_0918_oct25, trip_43o_1000_oct25, trip_43i_1018_oct25, trip_43o_1100_oct25, trip_43i_1118_oct25, trip_43o_1200_oct25, trip_43i_1218_oct25, trip_43o_1300_oct25, trip_43i_1318_oct25, trip_43o_1400_oct25, trip_43i_1418_oct25, trip_43o_1500_oct25, trip_43i_1518_oct25, trip_43o_1600_oct25, trip_43i_1618_oct25, trip_43o_1700_oct25, trip_43i_1718_oct25, trip_43o_1800_oct25, trip_43i_1818_oct25, trip_43o_1900_oct25, trip_43i_1918_oct25];[06:30, 06:45, 07:00, 07:18, 08:00, 08:18, 09:00, 09:18, 10:00, 10:18, 11:00, 11:18, 12:00, 12:18, 13:00, 13:18, 14:00, 14:18, 15:00, 15:18, 16:00, 16:18, 17:00, 17:18, 18:00, 18:18, 19:00, 19:18];[[0, 1, 2, 3, 4, 5], [0, 1, 2, 3, 4, 5], [0, 1, 2, 3, 4, 5], [0, 1, 2, 3, 4, 5], [0, 1, 2, 3, 4, 5], [0, 1, 2, 3, 4, 5], [0, 1, 2, 3, 4, 5], [0, 1, 2, 3, 4, 5], [0, 1, 2, 3, 4, 5], [0, 1, 2, 3, 4, 5], [0, 1, 2, 3, 4, 5], [0, 1, 2, 3, 4, 5], [0, 1, 2, 3, 4, 5], [0, 1, 2, 3, 4, 5], [0, 1, 2, 3, 4, 5], [0, 1, 2, 3, 4, 5], [0, 1, 2, 3, 4, 5], [0, 1, 2, 3, 4, 5], [0, 1, 2, 3, 4, 5], [0, 1, 2, 3, 4, 5], [0, 1, 2, 3, 4, 5], [0, 1, 2, 3, 4, 5], [0, 1, 2, 3, 4, 5], [0, 1, 2, 3, 4, 5], [0, 1, 2, 3, 4, 5], [0, 1, 2, 3, 4, 5], [0, 1, 2, 3, 4, 5], [0, 1, 2, 3, 4, 5]]
44;Portsmouth City Hall / Kittery  (PNSY Gate 1);[trip_44o_0555_oct25, trip_44o_0736_oct25, trip_44i_0747_oct25, trip_44o_0836_oct25, trip_44i_0847_oct25, trip_44o_0936_oct25, trip_44i_0947_oct25, trip_44o_1036_oct25, trip_44i_1047_oct25, trip_44o_1136_oct25, trip_44i_1147_oct25, trip_44o_1236_oct25, trip_44i_1247_oct25, trip_44o_1336_oct25, trip_44i_1347_oct25, trip_44o_1436_oct25, trip_44i_1447_oct25, trip_44o_1536_oct25, trip_44i_1547_oct25, trip_44o_1636_oct25, trip_44i_1647_oct25, trip_44o_1736_oct25, trip_44i_1747_oct25, trip_44o_1836_oct25, trip_44i_1847_oct25, trip_44o_1936_oct25, trip_44i_1947_oct25];[05:55, 07:36, 07:45, 08:36, 08:45, 09:36, 09:45, 10:36, 10:45, 11:36, 11:45, 12:36, 12:45, 13:36, 13:45, 14:36, 14:45, 15:36, 15:45, 16:36, 16:45, 17:36, 17:45, 18:36, 18:45, 19:36, 19:45];[[0, 1, 2, 3, 4], [0, 1, 2, 3, 4], [0, 1, 2, 3, 4], [0, 1, 2, 3, 4], [0, 1, 2, 3, 4], [0, 1, 2, 3, 4], [0, 1, 2, 3, 4], [0, 1, 2, 3, 4], [0, 1, 2, 3, 4], [0, 1, 2, 3, 4], [0, 1, 2, 3, 4], [0, 1, 2, 3, 4], [0, 1, 2, 3, 4], [0, 1, 2, 3, 4], [0, 1, 2, 3, 4], [0, 1, 2, 3, 4], [0, 1, 2, 3, 4], [0, 1, 2, 3, 4], [0, 1, 2, 3, 4], [0, 1, 2, 3, 4], [0, 1, 2, 3, 4], [0, 1, 2, 3, 4], [0, 1, 2, 3, 4], [0, 1, 2, 3, 4], [0, 1, 2, 3, 4], [0, 1, 2, 3, 4], [0, 1, 2, 3, 4]]
6;Farmington / Rochester;[trip_6s_0525_oct25, trip_6n_0600_oct25, trip_6s_0625_oct25, trip_6n_0700_oct25, trip_6s_0725_oct25, trip_6n_0800_oct25, trip_6s_0925_oct25, trip_6n_1000_oct25, trip_6s_1025_oct25, trip_6n_1100_oct25, trip_6s_1125_oct25, trip_6n_1200_oct25, trip_6s_1225_oct25, trip_6n_1300_oct25, trip_6s_1525_oct25, trip_6n_1600_oct25, trip_6s_1625_oct25, trip_6n_1700_oct25, trip_6s_1725_oct25, trip_6n_1800_oct25];[05:25, 06:00, 06:25, 07:00, 07:25, 08:00, 09:25, 10:00, 10:25, 11:00, 11:25, 12:00, 12:25, 13:00, 15:25, 16:00, 16:25, 17:00, 17:25, 18:00];[[0, 1, 2, 3, 4], [0, 1, 2, 3, 4], [0, 1, 2, 3, 4], [0, 1, 2, 3, 4], [0, 1, 2, 3, 4], [0, 1, 2, 3, 4], [0, 1, 2, 3, 4], [0, 1, 2, 3, 4], [0, 1, 2, 3, 4], [0, 1, 2, 3, 4], [0, 1, 2, 3, 4], [0, 1, 2, 3, 4], [0, 1, 2, 3, 4], [0, 1, 2, 3, 4], [0, 1, 2, 3, 4], [0, 1, 2, 3, 4], [0, 1, 2, 3, 4], [0, 1, 2, 3, 4], [0, 1, 2, 3, 4], [0, 1, 2, 3, 4]]
