190;River Oaks Express;[1974020, 1535020_merged_2505528, 1454020, 1389020, 1000020, 1538020];[06:25, 06:55, 07:23, 17:27, 17:57, 18:27];[[0, 1, 2, 3, 4], [0, 1, 2, 3, 4], [0, 1, 2, 3, 4], [0, 1, 2, 3, 4], [0, 1, 2, 3, 4], [0, 1, 2, 3, 4]]
82;Loyola North;[];[];[]
86A;Garth Webb via Proudfoot;[];[];[]
83;Blakelock;[];[];[]
80;Holy Trinity;[];[];[]
86B;Garth Webb via Westoak;[];[];[]
86;Garth Webb;[];[];[]
84;O.T.H.S.;[];[];[]
26;Falgarwood;[428020_merged_2505938, 1355020];[17:46, 17:57];[[0, 1, 2, 3, 4], [0, 1, 2, 3, 4]]
20;Northridge;[216020_merged_2505148, 1608020, 2371020_merged_2505853, 1902020, 381020_merged_2505558, 625070, 1150020_merged_2505831, 2328070_merged_2505834, 2414020_merged_2505419, 45020, 1026010, 525070, 413020_merged_2505387, 435020_merged_2505245, 1381070, 990010_merged_2505582, 1153020_merged_2505933, 1165020, 1052010_merged_2505300, 138070_merged_2505353, 610020_merged_2505517, 170020, 2084070, 700010_merged_2505807, 1415020_merged_2505145, 676020, 300070, 523010, 1762020, 1503010, 839020_merged_2505705, 1617070, 1970020_merged_2505631, 2388020, 674010, 2386070_merged_2505980, 1335020_merged_2505435, 317020_merged_2505667, 1028010, 2089070, 1677020, 1612020_merged_2506100, 2137070, 965010_merged_2505979, 1877020_merged_2505283, 1911010, 1730020_merged_2505144, 900070_merged_2505182, 196020, 423020_merged_2506016, 1429070, 662010, 2097020, 1892070_merged_2505510, 1861020, 1011010, 1613020, 188020_merged_2505555, 332010, 748070, 1184020_merged_2505386, 2245020, 1472010, 574070_merged_2505153, 1815020, 421070, 1177010_merged_2505693, 702020_merged_2505464, 1544010, 791070, 637020_merged_2505458, 60020_merged_2506014, 7010, 1005070, 539020_merged_2505350, 1213020, 2353070, 945010, 356020_merged_2506058, 2222020_merged_2505398, 1579010, 146070_merged_2505282, 73010, 1399070, 394020, 1887020_merged_2505364, 1307070, 226010_merged_2505358, 974020_merged_2505999, 211020_merged_2505595, 2390010, 2280070, 98020_merged_2505324, 1162020_merged_2505532, 1079070, 1781010, 1991070, 756010, 1495020, 596020_merged_2505447, 128020_merged_2505808, 1258070_merged_2505991, 1358020, 2163020, 1582020, 1163070, 1012020, 1993020_merged_2505761, 1679020, 2235020_merged_2505567, 436020_merged_2505664];[06:05, 06:10, 06:34, 06:45, 07:15, 07:15, 07:20, 07:40, 07:49, 07:55, 08:15, 08:15, 08:24, 08:30, 08:40, 08:40, 08:59, 09:05, 09:15, 09:15, 09:34, 09:40, 09:40, 09:40, 10:04, 10:10, 10:15, 10:15, 10:37, 10:40, 10:40, 10:40, 11:07, 11:10, 11:15, 11:15, 11:37, 11:40, 11:40, 11:40, 12:07, 12:10, 12:15, 12:15, 12:37, 12:40, 12:40, 12:40, 13:07, 13:10, 13:15, 13:15, 13:37, 13:40, 13:40, 13:40, 14:07, 14:10, 14:15, 14:15, 14:37, 14:40, 14:40, 14:40, 15:07, 15:15, 15:15, 15:16, 15:40, 15:40, 15:53, 16:03, 16:15, 16:15, 16:36, 16:37, 16:40, 16:40, 17:10, 17:13, 17:15, 17:15, 17:40, 17:40, 17:46, 17:55, 18:15, 18:15, 18:26, 18:28, 18:40, 18:40, 19:02, 19:10, 19:15, 19:15, 19:40, 19:40, 19:40, 19:46, 20:12, 20:15, 20:42, 21:07, 21:10, 21:15, 21:37, 21:40, 22:07, 22:40, 23:07];[[0, 1, 2, 3, 4], [0, 1, 2, 3, 4], [0, 1, 2, 3, 4], [0, 1, 2, 3, 4], [0, 1, 2, 3, 4], [5], [0, 1, 2, 3, 4], [5], [0, 1, 2, 3, 4], [0, 1, 2, 3, 4], [6], [5], [0, 1, 2, 3, 4], [0, 1, 2, 3, 4], [5], [6], [0, 1, 2, 3, 4], [0, 1, 2, 3, 4], [6], [5], [0, 1, 2, 3, 4], [0, 1, 2, 3, 4], [5], [6], [0, 1, 2, 3, 4], [0, 1, 2, 3, 4], [5], [6], [0, 1, 2, 3, 4], [6], [0, 1, 2, 3, 4], [5], [0, 1, 2, 3, 4], [0, 1, 2, 3, 4], [6], [5], [0, 1, 2, 3, 4], [0, 1, 2, 3, 4], [6], [5], [0, 1, 2, 3, 4], [0, 1, 2, 3, 4], [5], [6], [0, 1, 2, 3, 4], [6], [0, 1, 2, 3, 4], [5], [0, 1, 2, 3, 4], [0, 1, 2, 3, 4], [5], [6], [0, 1, 2, 3, 4], [5], [0, 1, 2, 3, 4], [6], [0, 1, 2, 3, 4], [0, 1, 2, 3, 4], [6], [5], [0, 1, 2, 3, 4], [0, 1, 2, 3, 4], [6], [5], [0, 1, 2, 3, 4], [5], [6], [0, 1, 2, 3, 4], [6], [5], [0, 1, 2, 3, 4], [0, 1, 2, 3, 4], [6], [5], [0, 1, 2, 3, 4], [0, 1, 2, 3, 4], [5], [6], [0, 1, 2, 3, 4], [0, 1, 2, 3, 4], [6], [5], [6], [5], [0, 1, 2, 3, 4], [0, 1, 2, 3, 4], [5], [6], [0, 1, 2, 3, 4], [0, 1, 2, 3, 4], [6], [5], [0, 1, 2, 3, 4], [0, 1, 2, 3, 4], [5], [6], [5], [6], [0, 1, 2, 3, 4], [0, 1, 2, 3, 4], [0, 1, 2, 3, 4], [5], [0, 1, 2, 3, 4], [0, 1, 2, 3, 4], [0, 1, 2, 3, 4], [5], [0, 1, 2, 3, 4], [0, 1, 2, 3, 4], [0, 1, 2, 3, 4], [0, 1, 2, 3, 4], [0, 1, 2, 3, 4]]
28;Glen Abbey North;[621020_merged_2505372, 1975020, 1407020_merged_2506062, 1746070, 77020_merged_2505181, 466070, 121020_merged_2505361, 1842020, 651020_merged_2506087, 2300070, 2467070, 61020, 1104010, 88010, 1426020_merged_2505109, 239020, 979020, 2203070, 1785010, 531070, 330020_merged_2505305, 1780010_merged_2505402, 1938020, 439020, 2214010, 818020, 2407070, 2347020_merged_2505865, 2326010, 855070, 1451020, 2219020_merged_2505231, 927070_merged_2505857, 1941020_merged_2505530, 2174010, 2384020_merged_2505507, 1770010, 449070_merged_2505702, 1968020, 264020_merged_2505900, 274010, 462020_merged_2506007, 744070_merged_2505859, 2078070, 2237010, 1116020_merged_2505924, 2331020_merged_2505399, 1227020_merged_2506068, 666010, 1432020, 1646070, 1131020, 1521010, 1563070, 719020_merged_2505216, 15020_merged_2505257, 1365020, 1899070, 832010_merged_2505259, 2281010, 1126070, 730020, 411020_merged_2505606, 1481020_merged_2506102, 1857010, 1039070_merged_2505537, 980020_merged_2505787, 1145020_merged_2505751, 2081010, 1469070, 1983020, 301020, 2037070, 2416020, 401010, 677020, 837010_merged_2506086, 1657070, 237020_merged_2506095, 508020_merged_2505677, 2268010, 1067070, 1655020_merged_2505112, 1704010, 582070_merged_2505296, 410020, 1217020, 628020, 559020_merged_2505699, 363010_merged_2505742, 1631070, 2161070, 382010, 157020_merged_2505504, 75020_merged_2505669, 615020_merged_2505388, 747070, 1154020_merged_2505890, 2392010, 1338070_merged_2505703, 724010_merged_2505228, 375020, 333020_merged_2505180, 1044020_merged_2505841, 696020_merged_2506099, 2212010, 2209070_merged_2505632, 984010, 640020_merged_2505847, 684070, 1294020_merged_2505195, 641020, 667020, 737020];[06:07, 06:10, 06:37, 06:40, 06:40, 06:42, 07:07, 07:10, 07:37, 07:37, 07:40, 07:40, 07:42, 07:50, 08:07, 08:10, 08:37, 08:37, 08:37, 08:40, 08:40, 08:40, 09:07, 09:10, 09:37, 09:37, 09:37, 09:40, 09:40, 09:40, 10:07, 10:10, 10:37, 10:37, 10:37, 10:40, 10:40, 10:40, 11:07, 11:10, 11:37, 11:37, 11:37, 11:40, 11:40, 11:40, 12:07, 12:10, 12:37, 12:37, 12:37, 12:40, 12:40, 12:40, 13:07, 13:10, 13:37, 13:37, 13:37, 13:40, 13:40, 13:40, 14:07, 14:10, 14:37, 14:37, 14:37, 14:40, 14:40, 14:40, 15:07, 15:10, 15:37, 15:37, 15:37, 15:40, 15:40, 15:40, 16:07, 16:16, 16:37, 16:37, 16:37, 16:40, 16:40, 16:46, 17:07, 17:16, 17:37, 17:37, 17:37, 17:40, 17:40, 17:46, 18:07, 18:16, 18:37, 18:37, 18:37, 18:40, 18:40, 18:40, 19:07, 19:10, 19:37, 19:37, 19:37, 19:40, 19:40, 19:40, 20:37, 20:40, 21:40, 22:09];[[0, 1, 2, 3, 4], [0, 1, 2, 3, 4], [0, 1, 2, 3, 4], [5], [0, 1, 2, 3, 4], [5], [0, 1, 2, 3, 4], [0, 1, 2, 3, 4], [0, 1, 2, 3, 4], [5], [5], [0, 1, 2, 3, 4], [6], [6], [0, 1, 2, 3, 4], [0, 1, 2, 3, 4], [0, 1, 2, 3, 4], [5], [6], [5], [0, 1, 2, 3, 4], [6], [0, 1, 2, 3, 4], [0, 1, 2, 3, 4], [6], [0, 1, 2, 3, 4], [5], [0, 1, 2, 3, 4], [6], [5], [0, 1, 2, 3, 4], [0, 1, 2, 3, 4], [5], [0, 1, 2, 3, 4], [6], [0, 1, 2, 3, 4], [6], [5], [0, 1, 2, 3, 4], [0, 1, 2, 3, 4], [6], [0, 1, 2, 3, 4], [5], [5], [6], [0, 1, 2, 3, 4], [0, 1, 2, 3, 4], [0, 1, 2, 3, 4], [6], [0, 1, 2, 3, 4], [5], [0, 1, 2, 3, 4], [6], [5], [0, 1, 2, 3, 4], [0, 1, 2, 3, 4], [0, 1, 2, 3, 4], [5], [6], [6], [5], [0, 1, 2, 3, 4], [0, 1, 2, 3, 4], [0, 1, 2, 3, 4], [6], [5], [0, 1, 2, 3, 4], [0, 1, 2, 3, 4], [6], [5], [0, 1, 2, 3, 4], [0, 1, 2, 3, 4], [5], [0, 1, 2, 3, 4], [6], [0, 1, 2, 3, 4], [6], [5], [0, 1, 2, 3, 4], [0, 1, 2, 3, 4], [6], [5], [0, 1, 2, 3, 4], [6], [5], [0, 1, 2, 3, 4], [0, 1, 2, 3, 4], [0, 1, 2, 3, 4], [0, 1, 2, 3, 4], [6], [5], [5], [6], [0, 1, 2, 3, 4], [0, 1, 2, 3, 4], [0, 1, 2, 3, 4], [5], [0, 1, 2, 3, 4], [6], [5], [6], [0, 1, 2, 3, 4], [0, 1, 2, 3, 4], [0, 1, 2, 3, 4], [0, 1, 2, 3, 4], [6], [5], [6], [0, 1, 2, 3, 4], [5], [0, 1, 2, 3, 4], [0, 1, 2, 3, 4], [0, 1, 2, 3, 4], [0, 1, 2, 3, 4]]
1;Trafalgar;[912020_merged_2505686, 2233020_merged_2506055, 1285020_merged_2506067, 513020, 1032020_merged_2505414, 405020, 2302020, 650020_merged_2505484, 1516020_merged_2506037, 1913020_merged_2505118, 56020, 400070_merged_2505117, 14020_merged_2505732, 549020, 1658020_merged_2505888, 2381020, 2100020, 2447070, 354020, 1598020_merged_2505592, 988070, 567020_merged_2505803, 1963020, 485020_merged_2506019, 547020, 1190070_merged_2505412, 2076020_merged_2505237, 1878010, 1750020_merged_2506047, 1209070_merged_2505096, 2162020, 1820020, 1129020, 1137020_merged_2505422, 1819070, 794020_merged_2505837, 1319010, 846020, 1224070, 2101010_merged_2505349, 533020, 247020, 1952020, 1378020_merged_2505256, 1776070, 2157020_merged_2505487, 2042010, 1222020_merged_2505371, 536070, 643010, 824020, 91020, 652020, 1409020_merged_2505166, 693070, 403010, 1342020, 1931010, 2224070, 634020, 612020, 194020_merged_2506076, 457020_merged_2505710, 97010, 514070, 1266070_merged_2505100, 955010, 342020, 2072020_merged_2505315, 1483020, 739020, 1831070, 409010, 1526070, 443010, 2417020_merged_2505263, 1140020, 2193020_merged_2505885, 1238020_merged_2505748, 2322070, 464010_merged_2505542, 1101070, 1056010, 1817020, 1875020_merged_2505690, 884020, 1330020_merged_2505423, 1910010, 2344070, 2279070, 277010_merged_2505187, 2234020_merged_2505720, 1416020_merged_2505827, 1956020_merged_2505822, 1690020_merged_2505192, 1986010, 2319070, 347070_merged_2505540, 1800010_merged_2505786, 845020, 1121020, 1511020_merged_2505560, 584020_merged_2505146, 2135070, 685010, 1570010, 2207070, 1542020_merged_2505327, 469020_merged_2505616, 727020_merged_2505303, 1326020_merged_2505679, 1801010_merged_2505516, 2307070, 1584070, 1943010, 217020_merged_2505777, 189020_merged_2505404, 372020_merged_2505793, 1640020, 313010_merged_2505619, 546070, 1206010, 1477070, 1189020_merged_2505536, 51020_merged_2505397, 2004020, 2189020, 987010, 133070, 1864010, 577070_merged_2505477, 1741020, 593020_merged_2505789, 1323020_merged_2505137, 308020, 1779010, 1408070, 2374010_merged_2505704, 250070, 445020, 511020, 782020_merged_2505771, 540020_merged_2505971, 1309070_merged_2505433, 1701010_merged_2505869, 1390070, 358010, 279020_merged_2505774, 807020, 1917020_merged_2506078, 1482020, 1111020, 935070, 2159010_merged_2505765, 345010, 2155070, 510020_merged_2505188, 2252020, 495020, 1221020, 1927020, 425010, 341070, 1362020, 735010, 399070, 707020_merged_2505191, 502020_merged_2505833, 1097020_merged_2505713, 174020_merged_2505621, 903070, 2251020, 1556010, 1884020, 1315010, 1462070, 1772020_merged_2505738, 2058020, 2327020_merged_2506056, 1618020_merged_2505197, 649020_merged_2505271, 2145010, 1775070, 2365020, 1561070, 461010_merged_2505623, 1188020_merged_2505113, 1220020_merged_2505239, 564020_merged_2505214, 594020_merged_2505106, 393020_merged_2505543, 1505070_merged_2505390, 351010, 1559020, 503010_merged_2505907, 1074070, 183020_merged_2505248, 863020_merged_2506045, 2408020, 1174020, 2270020, 1261010, 49070, 1794020, 1113070, 1225010, 385020_merged_2505773, 795020_merged_2505706, 854020, 208020, 1354010, 905020, 1349070, 754020_merged_2505122, 940010, 1863070_merged_2505465, 1702020, 218020_merged_2505922, 1841020_merged_2505246, 2001020, 809070, 2295020, 948010, 389020_merged_2505858, 2276010_merged_2505633, 1982070, 2054020, 1344020_merged_2505639, 1387020_merged_2505942, 1588070_merged_2506091, 1908010, 1368020_merged_2505930, 1049020_merged_2505813, 255010, 1548070_merged_2505265, 849020_merged_2505460, 118020_merged_2505116, 1401010, 224070, 753020_merged_2505743, 2339070_merged_2506070, 883010_merged_2505893, 1015020, 1260070, 1158020_merged_2505886, 471010, 1973070_merged_2505661, 1638020, 1008070, 1713020_merged_2505952, 440070, 1117020, 670020, 2244070, 1901070, 605020_merged_2505437, 825020_merged_2505923, 2445020, 1734020_merged_2505961, 520070_merged_2505749, 2013020, 1197070, 2293020, 2227020_merged_2505538, 1219020, 1478070, 2000020_merged_2506066, 2094020];[05:40, 05:50, 06:00, 06:04, 06:10, 06:11, 06:20, 06:21, 06:30, 06:31, 06:40, 06:40, 06:41, 06:50, 06:51, 07:00, 07:01, 07:10, 07:10, 07:11, 07:12, 07:20, 07:21, 07:30, 07:31, 07:40, 07:40, 07:40, 07:41, 07:42, 07:50, 07:51, 08:00, 08:01, 08:10, 08:10, 08:10, 08:11, 08:12, 08:12, 08:20, 08:21, 08:30, 08:31, 08:40, 08:40, 08:40, 08:41, 08:42, 08:42, 08:50, 08:51, 09:00, 09:01, 09:10, 09:10, 09:11, 09:12, 09:12, 09:15, 09:21, 09:30, 09:31, 09:40, 09:40, 09:42, 09:42, 09:45, 09:46, 10:00, 10:01, 10:10, 10:10, 10:12, 10:12, 10:15, 10:16, 10:30, 10:31, 10:40, 10:40, 10:42, 10:42, 10:45, 10:46, 11:00, 11:01, 11:10, 11:10, 11:12, 11:12, 11:15, 11:16, 11:30, 11:31, 11:40, 11:40, 11:42, 11:42, 11:45, 11:46, 12:00, 12:01, 12:10, 12:10, 12:12, 12:12, 12:15, 12:16, 12:30, 12:31, 12:40, 12:40, 12:42, 12:42, 12:45, 12:46, 13:00, 13:01, 13:10, 13:10, 13:12, 13:12, 13:15, 13:16, 13:30, 13:31, 13:40, 13:40, 13:42, 13:42, 13:45, 13:46, 14:00, 14:01, 14:10, 14:10, 14:12, 14:12, 14:15, 14:16, 14:30, 14:31, 14:40, 14:40, 14:42, 14:42, 14:45, 14:46, 15:00, 15:01, 15:10, 15:10, 15:10, 15:12, 15:12, 15:16, 15:20, 15:30, 15:31, 15:40, 15:40, 15:40, 15:41, 15:42, 15:42, 15:50, 15:51, 16:00, 16:01, 16:10, 16:10, 16:10, 16:11, 16:12, 16:12, 16:20, 16:21, 16:30, 16:31, 16:40, 16:40, 16:40, 16:41, 16:42, 16:42, 16:50, 16:51, 17:00, 17:01, 17:10, 17:10, 17:10, 17:11, 17:12, 17:12, 17:20, 17:21, 17:30, 17:31, 17:40, 17:40, 17:40, 17:41, 17:42, 17:42, 17:50, 17:51, 18:00, 18:01, 18:10, 18:10, 18:10, 18:11, 18:12, 18:12, 18:20, 18:21, 18:30, 18:31, 18:40, 18:40, 18:40, 18:41, 18:42, 18:42, 18:50, 18:51, 19:01, 19:10, 19:10, 19:10, 19:11, 19:12, 19:12, 19:21, 19:40, 19:40, 19:40, 19:41, 19:42, 19:42, 20:10, 20:10, 20:11, 20:12, 20:12, 20:40, 20:40, 20:41, 20:42, 21:10, 21:11, 21:12, 21:40, 21:40, 21:41, 22:10, 22:11, 22:12, 22:40, 22:40, 22:41, 23:10, 23:11, 23:12, 23:40, 23:41];[[0, 1, 2, 3, 4], [0, 1, 2, 3, 4], [0, 1, 2, 3, 4], [0, 1, 2, 3, 4], [0, 1, 2, 3, 4], [0, 1, 2, 3, 4], [0, 1, 2, 3, 4], [0, 1, 2, 3, 4], [0, 1, 2, 3, 4], [0, 1, 2, 3, 4], [0, 1, 2, 3, 4], [5], [0, 1, 2, 3, 4], [0, 1, 2, 3, 4], [0, 1, 2, 3, 4], [0, 1, 2, 3, 4], [0, 1, 2, 3, 4], [5], [0, 1, 2, 3, 4], [0, 1, 2, 3, 4], [5], [0, 1, 2, 3, 4], [0, 1, 2, 3, 4], [0, 1, 2, 3, 4], [0, 1, 2, 3, 4], [5], [0, 1, 2, 3, 4], [6], [0, 1, 2, 3, 4], [5], [0, 1, 2, 3, 4], [0, 1, 2, 3, 4], [0, 1, 2, 3, 4], [0, 1, 2, 3, 4], [5], [0, 1, 2, 3, 4], [6], [0, 1, 2, 3, 4], [5], [6], [0, 1, 2, 3, 4], [0, 1, 2, 3, 4], [0, 1, 2, 3, 4], [0, 1, 2, 3, 4], [5], [0, 1, 2, 3, 4], [6], [0, 1, 2, 3, 4], [5], [6], [0, 1, 2, 3, 4], [0, 1, 2, 3, 4], [0, 1, 2, 3, 4], [0, 1, 2, 3, 4], [5], [6], [0, 1, 2, 3, 4], [6], [5], [0, 1, 2, 3, 4], [0, 1, 2, 3, 4], [0, 1, 2, 3, 4], [0, 1, 2, 3, 4], [6], [5], [5], [6], [0, 1, 2, 3, 4], [0, 1, 2, 3, 4], [0, 1, 2, 3, 4], [0, 1, 2, 3, 4], [5], [6], [5], [6], [0, 1, 2, 3, 4], [0, 1, 2, 3, 4], [0, 1, 2, 3, 4], [0, 1, 2, 3, 4], [5], [6], [5], [6], [0, 1, 2, 3, 4], [0, 1, 2, 3, 4], [0, 1, 2, 3, 4], [0, 1, 2, 3, 4], [6], [5], [5], [6], [0, 1, 2, 3, 4], [0, 1, 2, 3, 4], [0, 1, 2, 3, 4], [0, 1, 2, 3, 4], [6], [5], [5], [6], [0, 1, 2, 3, 4], [0, 1, 2, 3, 4], [0, 1, 2, 3, 4], [0, 1, 2, 3, 4], [5], [6], [6], [5], [0, 1, 2, 3, 4], [0, 1, 2, 3, 4], [0, 1, 2, 3, 4], [0, 1, 2, 3, 4], [6], [5], [5], [6], [0, 1, 2, 3, 4], [0, 1, 2, 3, 4], [0, 1, 2, 3, 4], [0, 1, 2, 3, 4], [6], [5], [6], [5], [0, 1, 2, 3, 4], [0, 1, 2, 3, 4], [0, 1, 2, 3, 4], [0, 1, 2, 3, 4], [6], [5], [6], [5], [0, 1, 2, 3, 4], [0, 1, 2, 3, 4], [0, 1, 2, 3, 4], [0, 1, 2, 3, 4], [6], [5], [6], [5], [0, 1, 2, 3, 4], [0, 1, 2, 3, 4], [0, 1, 2, 3, 4], [0, 1, 2, 3, 4], [5], [6], [5], [6], [0, 1, 2, 3, 4], [0, 1, 2, 3, 4], [0, 1, 2, 3, 4], [0, 1, 2, 3, 4], [0, 1, 2, 3, 4], [5], [6], [6], [5], [0, 1, 2, 3, 4], [0, 1, 2, 3, 4], [0, 1, 2, 3, 4], [0, 1, 2, 3, 4], [0, 1, 2, 3, 4], [6], [5], [0, 1, 2, 3, 4], [6], [5], [0, 1, 2, 3, 4], [0, 1, 2, 3, 4], [0, 1, 2, 3, 4], [0, 1, 2, 3, 4], [5], [0, 1, 2, 3, 4], [6], [0, 1, 2, 3, 4], [6], [5], [0, 1, 2, 3, 4], [0, 1, 2, 3, 4], [0, 1, 2, 3, 4], [0, 1, 2, 3, 4], [0, 1, 2, 3, 4], [6], [5], [0, 1, 2, 3, 4], [5], [6], [0, 1, 2, 3, 4], [0, 1, 2, 3, 4], [0, 1, 2, 3, 4], [0, 1, 2, 3, 4], [0, 1, 2, 3, 4], [5], [6], [0, 1, 2, 3, 4], [6], [5], [0, 1, 2, 3, 4], [0, 1, 2, 3, 4], [0, 1, 2, 3, 4], [0, 1, 2, 3, 4], [0, 1, 2, 3, 4], [6], [5], [0, 1, 2, 3, 4], [5], [6], [0, 1, 2, 3, 4], [0, 1, 2, 3, 4], [0, 1, 2, 3, 4], [0, 1, 2, 3, 4], [6], [0, 1, 2, 3, 4], [5], [0, 1, 2, 3, 4], [6], [5], [0, 1, 2, 3, 4], [0, 1, 2, 3, 4], [0, 1, 2, 3, 4], [0, 1, 2, 3, 4], [5], [0, 1, 2, 3, 4], [6], [0, 1, 2, 3, 4], [6], [5], [0, 1, 2, 3, 4], [0, 1, 2, 3, 4], [0, 1, 2, 3, 4], [5], [6], [0, 1, 2, 3, 4], [0, 1, 2, 3, 4], [6], [5], [0, 1, 2, 3, 4], [0, 1, 2, 3, 4], [6], [5], [0, 1, 2, 3, 4], [5], [6], [0, 1, 2, 3, 4], [5], [0, 1, 2, 3, 4], [6], [5], [0, 1, 2, 3, 4], [5], [0, 1, 2, 3, 4], [5], [0, 1, 2, 3, 4], [0, 1, 2, 3, 4], [5], [5], [0, 1, 2, 3, 4], [0, 1, 2, 3, 4], [0, 1, 2, 3, 4], [0, 1, 2, 3, 4], [5], [0, 1, 2, 3, 4], [5], [0, 1, 2, 3, 4], [0, 1, 2, 3, 4], [0, 1, 2, 3, 4], [5], [0, 1, 2, 3, 4], [0, 1, 2, 3, 4]]
3;Third Line;[745020, 1736020_merged_2505333, 1862020_merged_2506085, 1284020, 454020, 94020, 2202070, 1445020_merged_2505984, 2412070, 1937020_merged_2505739, 481020_merged_2506077, 1320070, 1621020_merged_2505898, 1852070, 579020_merged_2505574, 1372070, 2357010, 852020, 2208070_merged_2505719, 2274020, 890020_merged_2505193, 880070, 1843070_merged_2505168, 992010, 2369020, 1623020_merged_2505646, 2363010, 1138070_merged_2505659, 1312020_merged_2505691, 1587070, 1680020, 2059020, 1075070, 1025020_merged_2506090, 894010, 775070, 1466020_merged_2505734, 182020_merged_2505884, 1796070_merged_2505189, 1019010, 793070_merged_2505224, 2315020, 2223020, 2170070, 1297070, 2127010, 158020_merged_2505285, 922020, 1207010, 1423020_merged_2505821, 113070_merged_2505657, 1849020, 203070, 1370020_merged_2505385, 563020_merged_2505729, 406070, 2139070, 2378010, 548020, 1304020, 1708070, 1707010, 2168070_merged_2505427, 2160020_merged_2505131, 1573020_merged_2505425, 1202020_merged_2505314, 701070, 1083010, 2132020_merged_2505805, 1232070_merged_2505159, 2393020_merged_2505097, 147020, 256070, 515010_merged_2505498, 2380070, 2060020, 552020_merged_2505329, 1361070, 776020, 2110070, 885010, 1002020, 1756070, 897010, 2020, 1858020_merged_2505306, 253070, 1924020, 2118070, 857020, 1766070, 10010, 1520020_merged_2505135, 232020, 465070_merged_2505643, 1455010, 952070, 2117020, 860020, 2311070_merged_2505613, 708020_merged_2505804, 391070_merged_2505490, 1536010, 1203020_merged_2505215, 1450020, 2218010, 1379070, 154020, 962070, 822020, 971020_merged_2505531, 2284070_merged_2505524, 758070_merged_2505569, 772010_merged_2505887, 1808020_merged_2505737, 1167020, 2122070_merged_2505615, 1193010, 1428020, 2248070, 560020_merged_2506107, 619070, 555020, 2116020_merged_2505405, 1865070, 1071010, 630020_merged_2506051, 764070, 886010, 2080020_merged_2505346, 991070, 2169020_merged_2505825, 422070, 40020, 1784010, 975070_merged_2505601, 1037020, 1339020, 2355010, 315070_merged_2506063, 919070, 12020_merged_2505339, 62020_merged_2505767, 1433070, 1515020, 378070, 1134010, 2038020_merged_2505916, 1278070, 38020_merged_2505755, 120020_merged_2505785, 575020_merged_2505579, 613070_merged_2505985, 460070, 522020, 2242020_merged_2505243, 673070, 1376070, 1151020, 716070, 185020_merged_2505441, 225070, 1619020_merged_2505627, 1823070];[05:51, 05:56, 06:16, 06:28, 06:40, 06:48, 07:00, 07:04, 07:07, 07:14, 07:30, 07:30, 07:36, 07:37, 07:53, 08:00, 08:00, 08:02, 08:07, 08:12, 08:25, 08:30, 08:37, 08:37, 08:41, 08:50, 09:00, 09:00, 09:04, 09:07, 09:13, 09:29, 09:30, 09:33, 09:37, 09:37, 09:52, 09:58, 10:00, 10:00, 10:07, 10:12, 10:21, 10:30, 10:37, 10:37, 10:37, 10:41, 11:00, 11:00, 11:00, 11:06, 11:07, 11:20, 11:29, 11:30, 11:37, 11:37, 11:45, 11:49, 12:00, 12:00, 12:07, 12:08, 12:14, 12:28, 12:30, 12:37, 12:37, 12:37, 12:53, 12:57, 13:00, 13:00, 13:07, 13:16, 13:22, 13:30, 13:36, 13:37, 13:37, 13:45, 14:00, 14:00, 14:01, 14:05, 14:07, 14:24, 14:30, 14:30, 14:37, 14:37, 14:44, 14:53, 15:00, 15:00, 15:07, 15:09, 15:13, 15:30, 15:32, 15:37, 15:37, 15:40, 15:52, 16:00, 16:00, 16:03, 16:07, 16:22, 16:28, 16:30, 16:37, 16:37, 16:45, 16:53, 17:00, 17:00, 17:05, 17:07, 17:16, 17:30, 17:35, 17:36, 17:37, 17:37, 17:58, 18:00, 18:00, 18:06, 18:07, 18:18, 18:30, 18:33, 18:37, 18:37, 18:48, 18:53, 19:00, 19:00, 19:07, 19:11, 19:19, 19:30, 19:34, 19:37, 19:37, 19:40, 20:00, 20:03, 20:03, 20:32, 20:37, 21:00, 21:06, 21:35, 21:37, 22:00, 22:14, 22:37, 22:43, 23:10, 23:22, 23:40];[[0, 1, 2, 3, 4], [0, 1, 2, 3, 4], [0, 1, 2, 3, 4], [0, 1, 2, 3, 4], [0, 1, 2, 3, 4], [0, 1, 2, 3, 4], [5], [0, 1, 2, 3, 4], [5], [0, 1, 2, 3, 4], [0, 1, 2, 3, 4], [5], [0, 1, 2, 3, 4], [5], [0, 1, 2, 3, 4], [5], [6], [0, 1, 2, 3, 4], [5], [0, 1, 2, 3, 4], [0, 1, 2, 3, 4], [5], [5], [6], [0, 1, 2, 3, 4], [0, 1, 2, 3, 4], [6], [5], [0, 1, 2, 3, 4], [5], [0, 1, 2, 3, 4], [0, 1, 2, 3, 4], [5], [0, 1, 2, 3, 4], [6], [5], [0, 1, 2, 3, 4], [0, 1, 2, 3, 4], [5], [6], [5], [0, 1, 2, 3, 4], [0, 1, 2, 3, 4], [5], [5], [6], [0, 1, 2, 3, 4], [0, 1, 2, 3, 4], [6], [0, 1, 2, 3, 4], [5], [0, 1, 2, 3, 4], [5], [0, 1, 2, 3, 4], [0, 1, 2, 3, 4], [5], [5], [6], [0, 1, 2, 3, 4], [0, 1, 2, 3, 4], [5], [6], [5], [0, 1, 2, 3, 4], [0, 1, 2, 3, 4], [0, 1, 2, 3, 4], [5], [6], [0, 1, 2, 3, 4], [5], [0, 1, 2, 3, 4], [0, 1, 2, 3, 4], [5], [6], [5], [0, 1, 2, 3, 4], [0, 1, 2, 3, 4], [5], [0, 1, 2, 3, 4], [5], [6], [0, 1, 2, 3, 4], [5], [6], [0, 1, 2, 3, 4], [0, 1, 2, 3, 4], [5], [0, 1, 2, 3, 4], [5], [0, 1, 2, 3, 4], [5], [6], [0, 1, 2, 3, 4], [0, 1, 2, 3, 4], [5], [6], [5], [0, 1, 2, 3, 4], [0, 1, 2, 3, 4], [5], [0, 1, 2, 3, 4], [5], [6], [0, 1, 2, 3, 4], [0, 1, 2, 3, 4], [6], [5], [0, 1, 2, 3, 4], [5], [0, 1, 2, 3, 4], [0, 1, 2, 3, 4], [5], [5], [6], [0, 1, 2, 3, 4], [0, 1, 2, 3, 4], [5], [6], [0, 1, 2, 3, 4], [5], [0, 1, 2, 3, 4], [5], [0, 1, 2, 3, 4], [0, 1, 2, 3, 4], [5], [6], [0, 1, 2, 3, 4], [5], [6], [0, 1, 2, 3, 4], [5], [0, 1, 2, 3, 4], [5], [0, 1, 2, 3, 4], [6], [5], [0, 1, 2, 3, 4], [0, 1, 2, 3, 4], [6], [5], [5], [0, 1, 2, 3, 4], [0, 1, 2, 3, 4], [5], [0, 1, 2, 3, 4], [5], [6], [0, 1, 2, 3, 4], [5], [0, 1, 2, 3, 4], [0, 1, 2, 3, 4], [0, 1, 2, 3, 4], [5], [5], [0, 1, 2, 3, 4], [0, 1, 2, 3, 4], [5], [5], [0, 1, 2, 3, 4], [5], [0, 1, 2, 3, 4], [5], [0, 1, 2, 3, 4], [5]]
5;Dundas;[215020_merged_2505502, 1978020_merged_2505730, 1256020, 419020, 895020_merged_2505882, 246020, 1980020_merged_2505420, 2271020_merged_2505796, 1672020_merged_2505178, 162020, 1811020, 639070, 771020, 99020_merged_2505594, 2418020_merged_2505960, 1240070, 1767020_merged_2505518, 2086020_merged_2505889, 1534020, 1253020, 597070, 2063070, 2410020, 1749020, 1675070, 1728020_merged_2505527, 557020_merged_2505295, 126020_merged_2505603, 2077020, 718070, 2183020_merged_2505479, 427070_merged_2505758, 1656020_merged_2505756, 459070, 1567020_merged_2505503, 1155010, 1374020_merged_2505253, 2067070_merged_2505310, 1537020_merged_2505696, 1089020_merged_2505843, 1458010_merged_2505997, 2256020, 314070, 1051010, 2367020_merged_2505140, 2065070, 1731020_merged_2505604, 2200020, 1479020_merged_2505316, 1540010, 1919070, 2153010, 27020_merged_2505545, 397070, 1822010, 9020, 1636020_merged_2505936, 535020, 190070, 1915020, 2040010, 2111070, 1689010, 1809020, 316010_merged_2505745, 1807070, 1010020, 576020_merged_2505694, 244020_merged_2505866, 698070, 1932010, 1046020, 704020_merged_2506025, 1947070, 1367020, 929010, 1896020_merged_2505213, 1921070, 682010, 415070, 2428010, 1023020, 140020, 1194020_merged_2505559, 749020, 680010, 2052070, 918020_merged_2505770, 483070_merged_2505587, 876020_merged_2505840, 869020, 2125010, 2006010, 812020_merged_2505252, 1717070_merged_2505142, 728020_merged_2505451, 249010, 1960020_merged_2506041, 781070, 1016020_merged_2505899, 2449010_merged_2505566, 1684070_merged_2505972, 972020, 1898020, 1833020_merged_2505939, 1738020_merged_2505205, 672070_merged_2506039, 710010, 33070, 1417010, 407020, 1157010, 1288070, 695020_merged_2505452, 1112020, 2041020_merged_2505811, 1685020, 1279010, 550070, 43070_merged_2506009, 1676010, 1491020, 678020_merged_2505714, 1550020_merged_2506015, 487010, 1670020, 1268070, 1545010, 914070_merged_2505218, 66070, 2320010_merged_2506109, 2149020_merged_2505472, 331020_merged_2505456, 1771020, 199020_merged_2505342, 318070, 827010, 2309010_merged_2505103, 2329070, 2323020, 1400010_merged_2505605, 1077070, 2391020, 2185020_merged_2505662, 997020, 2269010, 1999070, 1259070, 2368020, 934010, 93020_merged_2505644, 1424020, 273010, 408070, 1916020, 424070, 478010_merged_2505600, 1020_merged_2505914, 1119010, 2024070, 2466020, 327020, 455020_merged_2506011, 805070, 480010_merged_2505874, 262070, 1592010, 1519020, 1555010, 1092070_merged_2505577, 2220020, 275020, 2191020, 1267010, 48070, 2278070_merged_2505328, 2377020_merged_2505139, 1078010, 1406020, 2338020_merged_2505275, 2421020, 2425070, 873010, 2415070, 2318010, 1950020, 2128010, 843070_merged_2505318, 1996020, 1539020_merged_2506031, 838020_merged_2505851, 1832070, 2332010_merged_2505455, 1328010, 2431070, 2023020_merged_2505589, 2272070, 1577010_merged_2505269, 2043020_merged_2505332, 1419020, 2009020_merged_2505375, 1518010, 1490070, 1883070, 1292020_merged_2505568, 1241010_merged_2505636, 1180020_merged_2505276, 2196020_merged_2505235, 2156020_merged_2505967, 864010, 2442070, 1305070_merged_2506023, 338010, 2430020_merged_2505697, 139070, 586010, 1935020, 602020, 1818020_merged_2505809, 2035070, 1641010, 307070, 2330010, 19020_merged_2505411, 1105010, 646070, 1161020_merged_2505684, 1928020_merged_2505701, 1893020, 2031010, 136070_merged_2505981, 2115070_merged_2505776, 2211020_merged_2505965, 388020_merged_2505634, 2083010, 1860020_merged_2505700, 463020_merged_2505268, 107010_merged_2505766, 664070_merged_2506075, 230010, 1230070, 191020_merged_2505102, 1946010, 817070, 917020, 982020, 898020_merged_2506094, 573070, 1909010, 433070, 896010, 1691020_merged_2505617, 2217020_merged_2505581, 1250070_merged_2505797, 2225010, 1055020_merged_2505101, 766020_merged_2505932, 653070, 72010_merged_2505902, 1709020, 1310020_merged_2505958, 681070, 1350020_merged_2505546, 2446010, 1375020_merged_2505871, 608070, 1084010_merged_2505143, 1985070, 1058010, 1452020_merged_2505105, 263020_merged_2505454, 1383070, 2044010, 1783020_merged_2505931, 569020, 1274020_merged_2505319, 2187070, 1212010, 2444070, 751010, 123020_merged_2506110, 2296020, 1885070, 117010, 323020_merged_2505656, 311020_merged_2505325, 2171020, 1962070, 2456010, 1787020_merged_2505824, 367020_merged_2505431, 2028070_merged_2505220, 1385010, 1436020_merged_2505302, 20010_merged_2505746, 2092070, 926020_merged_2505424, 87020, 726010_merged_2505794, 2361070, 267020, 1009010, 2399070, 47020, 1554020, 1343020_merged_2505258, 195020, 2177070, 933010, 614070, 416010_merged_2505461, 30020_merged_2505678, 2108020, 1637070, 2151010, 337020, 205020_merged_2505856, 874070, 1204020, 1627010, 387020_merged_2505365, 1660020, 1513070_merged_2505157, 1568020_merged_2505744, 228010_merged_2505394, 545070, 746010, 2107020, 1314020_merged_2506022, 668020, 961010, 516070, 861020_merged_2505426, 242070, 370010_merged_2505969, 847020_merged_2505614, 290020, 1022070, 2221020_merged_2505708, 18020, 617010, 2454020, 1118010, 175070, 130020_merged_2505727, 2091070, 509010, 450020, 784020, 2075010, 2395070, 1364020, 2452020_merged_2505788, 2277020_merged_2505133, 2073070, 1047020, 801010, 660070, 1295010, 2036020_merged_2505860, 688020_merged_2505488, 1880070_merged_2505904, 1683010, 2140020_merged_2505682, 1413020, 1045070, 983010, 1430020, 285020, 504020, 661070, 2301020, 815010, 384070, 2138010, 1527020_merged_2505905, 1053020, 538070, 1566010, 2147020_merged_2505254, 340020, 1903070, 1085010, 1992020_merged_2506106, 1700020_merged_2505541, 738070_merged_2505468, 1763020_merged_2505234, 80010, 1412070_merged_2505784, 1726010_merged_2505563, 763020_merged_2505725, 2282070, 1499010, 1493020, 742020_merged_2505877, 1392020, 740070, 1789010_merged_2505572, 494020, 977020, 578020_merged_2505136, 1694070, 1068010, 731070_merged_2505522, 2098010, 1072020_merged_2505723, 2048020_merged_2506008, 2158070, 261020_merged_2505174, 115010_merged_2505221, 76070_merged_2505838, 2345020_merged_2505597, 2423020, 1855070, 859020_merged_2505983, 145010, 1036070, 258020_merged_2505384, 867070, 1958020_merged_2505356, 2099020_merged_2505184, 1821070, 969070, 581020, 2266020_merged_2505818, 936070_merged_2505944, 2290070, 1287020, 1571070, 1299020_merged_2505485, 417070, 1262020, 851070_merged_2505467, 2175020, 944020_merged_2505521, 1103070, 1681020, 1848070_merged_2506021, 276020_merged_2505689, 200070, 635020, 976070, 1836020_merged_2505814, 1332020_merged_2505637, 1926070, 1827020, 348020, 1380020, 1229020_merged_2505436, 1845070, 1967020_merged_2505741, 1510020_merged_2505712, 1624070, 2121020, 1327070_merged_2505287, 811020, 1255020, 1649020_merged_2505912, 1834020_merged_2505716, 1172070, 1564020_merged_2505130, 2259070];[05:53, 05:56, 05:57, 06:01, 06:02, 06:03, 06:10, 06:14, 06:18, 06:18, 06:29, 06:32, 06:33, 06:39, 06:42, 06:42, 06:48, 06:48, 06:54, 06:57, 06:57, 06:58, 06:59, 07:00, 07:08, 07:12, 07:13, 07:14, 07:16, 07:19, 07:24, 07:24, 07:27, 07:27, 07:29, 07:32, 07:35, 07:37, 07:39, 07:39, 07:42, 07:44, 07:45, 07:49, 07:50, 07:53, 07:54, 07:55, 07:56, 07:57, 07:57, 07:58, 08:03, 08:07, 08:08, 08:09, 08:12, 08:14, 08:14, 08:18, 08:20, 08:23, 08:24, 08:24, 08:27, 08:27, 08:29, 08:31, 08:33, 08:37, 08:37, 08:41, 08:42, 08:44, 08:46, 08:48, 08:48, 08:53, 08:53, 08:57, 08:57, 08:57, 08:59, 09:00, 09:03, 09:07, 09:07, 09:12, 09:14, 09:14, 09:15, 09:18, 09:23, 09:23, 09:23, 09:24, 09:27, 09:27, 09:27, 09:29, 09:37, 09:37, 09:39, 09:42, 09:43, 09:44, 09:44, 09:48, 09:53, 09:53, 09:54, 09:57, 09:57, 09:58, 10:02, 10:03, 10:05, 10:07, 10:07, 10:14, 10:18, 10:18, 10:22, 10:23, 10:23, 10:23, 10:23, 10:27, 10:27, 10:37, 10:37, 10:38, 10:39, 10:39, 10:43, 10:44, 10:48, 10:53, 10:53, 10:55, 10:57, 10:57, 10:59, 11:00, 11:03, 11:07, 11:07, 11:14, 11:15, 11:18, 11:19, 11:20, 11:23, 11:23, 11:23, 11:27, 11:27, 11:35, 11:37, 11:37, 11:40, 11:40, 11:40, 11:44, 11:48, 11:53, 11:53, 11:56, 11:57, 11:57, 11:59, 12:00, 12:03, 12:07, 12:07, 12:14, 12:15, 12:18, 12:19, 12:19, 12:20, 12:23, 12:23, 12:27, 12:27, 12:35, 12:37, 12:37, 12:39, 12:39, 12:40, 12:44, 12:48, 12:53, 12:53, 12:55, 12:57, 12:57, 12:59, 13:00, 13:03, 13:07, 13:07, 13:14, 13:15, 13:18, 13:19, 13:20, 13:23, 13:23, 13:23, 13:27, 13:27, 13:35, 13:37, 13:37, 13:39, 13:40, 13:43, 13:44, 13:48, 13:53, 13:53, 13:55, 13:57, 13:57, 13:59, 14:00, 14:03, 14:07, 14:07, 14:14, 14:15, 14:18, 14:18, 14:19, 14:20, 14:23, 14:23, 14:27, 14:27, 14:35, 14:37, 14:37, 14:38, 14:39, 14:40, 14:44, 14:48, 14:53, 14:53, 14:54, 14:55, 14:57, 14:57, 14:58, 15:00, 15:07, 15:07, 15:10, 15:13, 15:14, 15:14, 15:18, 15:20, 15:23, 15:23, 15:27, 15:27, 15:28, 15:30, 15:37, 15:37, 15:40, 15:40, 15:43, 15:44, 15:48, 15:53, 15:53, 15:55, 15:56, 15:57, 15:57, 15:58, 15:59, 16:07, 16:07, 16:07, 16:13, 16:14, 16:14, 16:18, 16:21, 16:23, 16:23, 16:25, 16:26, 16:27, 16:27, 16:28, 16:37, 16:37, 16:39, 16:40, 16:43, 16:44, 16:44, 16:48, 16:53, 16:53, 16:54, 16:55, 16:57, 16:57, 16:58, 16:59, 17:07, 17:07, 17:07, 17:09, 17:14, 17:14, 17:16, 17:18, 17:23, 17:23, 17:24, 17:25, 17:26, 17:27, 17:27, 17:31, 17:37, 17:37, 17:39, 17:40, 17:44, 17:44, 17:46, 17:48, 17:51, 17:53, 17:53, 17:55, 17:57, 17:57, 17:59, 18:01, 18:07, 18:07, 18:09, 18:10, 18:14, 18:14, 18:16, 18:18, 18:23, 18:23, 18:24, 18:25, 18:27, 18:27, 18:28, 18:29, 18:37, 18:37, 18:39, 18:40, 18:44, 18:44, 18:46, 18:48, 18:53, 18:53, 18:54, 18:55, 18:57, 18:57, 18:59, 19:01, 19:07, 19:07, 19:10, 19:13, 19:14, 19:14, 19:18, 19:23, 19:23, 19:25, 19:27, 19:27, 19:28, 19:29, 19:31, 19:37, 19:37, 19:37, 19:39, 19:44, 19:44, 19:48, 19:53, 19:53, 19:54, 19:56, 19:57, 19:58, 20:07, 20:07, 20:07, 20:09, 20:14, 20:20, 20:23, 20:23, 20:23, 20:27, 20:32, 20:34, 20:37, 20:44, 20:47, 20:50, 20:53, 20:57, 20:58, 21:07, 21:08, 21:14, 21:17, 21:23, 21:24, 21:28, 21:37, 21:39, 21:44, 21:47, 21:53, 21:56, 21:57, 21:58, 22:04, 22:14, 22:18, 22:20, 22:28, 22:34, 22:37, 22:47, 22:50, 22:53, 22:55, 22:57, 23:04, 23:20, 23:28, 23:31, 23:37, 23:47, 23:53];[[0, 1, 2, 3, 4], [0, 1, 2, 3, 4], [0, 1, 2, 3, 4], [0, 1, 2, 3, 4], [0, 1, 2, 3, 4], [0, 1, 2, 3, 4], [0, 1, 2, 3, 4], [0, 1, 2, 3, 4], [0, 1, 2, 3, 4], [0, 1, 2, 3, 4], [0, 1, 2, 3, 4], [5], [0, 1, 2, 3, 4], [0, 1, 2, 3, 4], [0, 1, 2, 3, 4], [5], [0, 1, 2, 3, 4], [0, 1, 2, 3, 4], [0, 1, 2, 3, 4], [0, 1, 2, 3, 4], [5], [5], [0, 1, 2, 3, 4], [0, 1, 2, 3, 4], [5], [0, 1, 2, 3, 4], [0, 1, 2, 3, 4], [0, 1, 2, 3, 4], [0, 1, 2, 3, 4], [5], [0, 1, 2, 3, 4], [5], [0, 1, 2, 3, 4], [5], [0, 1, 2, 3, 4], [6], [0, 1, 2, 3, 4], [5], [0, 1, 2, 3, 4], [0, 1, 2, 3, 4], [6], [0, 1, 2, 3, 4], [5], [6], [0, 1, 2, 3, 4], [5], [0, 1, 2, 3, 4], [0, 1, 2, 3, 4], [0, 1, 2, 3, 4], [6], [5], [6], [0, 1, 2, 3, 4], [5], [6], [0, 1, 2, 3, 4], [0, 1, 2, 3, 4], [0, 1, 2, 3, 4], [5], [0, 1, 2, 3, 4], [6], [5], [6], [0, 1, 2, 3, 4], [6], [5], [0, 1, 2, 3, 4], [0, 1, 2, 3, 4], [0, 1, 2, 3, 4], [5], [6], [0, 1, 2, 3, 4], [0, 1, 2, 3, 4], [5], [0, 1, 2, 3, 4], [6], [0, 1, 2, 3, 4], [5], [6], [5], [6], [0, 1, 2, 3, 4], [0, 1, 2, 3, 4], [0, 1, 2, 3, 4], [0, 1, 2, 3, 4], [6], [5], [0, 1, 2, 3, 4], [5], [0, 1, 2, 3, 4], [0, 1, 2, 3, 4], [6], [6], [0, 1, 2, 3, 4], [5], [0, 1, 2, 3, 4], [6], [0, 1, 2, 3, 4], [5], [0, 1, 2, 3, 4], [6], [5], [0, 1, 2, 3, 4], [0, 1, 2, 3, 4], [0, 1, 2, 3, 4], [0, 1, 2, 3, 4], [5], [6], [5], [6], [0, 1, 2, 3, 4], [6], [5], [0, 1, 2, 3, 4], [0, 1, 2, 3, 4], [0, 1, 2, 3, 4], [0, 1, 2, 3, 4], [6], [5], [5], [6], [0, 1, 2, 3, 4], [0, 1, 2, 3, 4], [0, 1, 2, 3, 4], [6], [0, 1, 2, 3, 4], [5], [6], [5], [5], [6], [0, 1, 2, 3, 4], [0, 1, 2, 3, 4], [0, 1, 2, 3, 4], [0, 1, 2, 3, 4], [5], [6], [6], [5], [0, 1, 2, 3, 4], [6], [5], [0, 1, 2, 3, 4], [0, 1, 2, 3, 4], [0, 1, 2, 3, 4], [6], [5], [5], [0, 1, 2, 3, 4], [6], [0, 1, 2, 3, 4], [0, 1, 2, 3, 4], [6], [5], [0, 1, 2, 3, 4], [5], [6], [0, 1, 2, 3, 4], [6], [5], [0, 1, 2, 3, 4], [0, 1, 2, 3, 4], [0, 1, 2, 3, 4], [5], [6], [5], [6], [0, 1, 2, 3, 4], [6], [5], [0, 1, 2, 3, 4], [0, 1, 2, 3, 4], [0, 1, 2, 3, 4], [6], [5], [5], [0, 1, 2, 3, 4], [6], [0, 1, 2, 3, 4], [0, 1, 2, 3, 4], [0, 1, 2, 3, 4], [5], [6], [5], [6], [0, 1, 2, 3, 4], [6], [5], [0, 1, 2, 3, 4], [0, 1, 2, 3, 4], [0, 1, 2, 3, 4], [5], [6], [6], [5], [0, 1, 2, 3, 4], [5], [6], [0, 1, 2, 3, 4], [0, 1, 2, 3, 4], [0, 1, 2, 3, 4], [6], [5], [5], [0, 1, 2, 3, 4], [6], [0, 1, 2, 3, 4], [0, 1, 2, 3, 4], [0, 1, 2, 3, 4], [6], [5], [5], [6], [0, 1, 2, 3, 4], [5], [6], [0, 1, 2, 3, 4], [0, 1, 2, 3, 4], [0, 1, 2, 3, 4], [5], [6], [5], [6], [0, 1, 2, 3, 4], [6], [5], [0, 1, 2, 3, 4], [0, 1, 2, 3, 4], [0, 1, 2, 3, 4], [6], [5], [5], [0, 1, 2, 3, 4], [0, 1, 2, 3, 4], [6], [0, 1, 2, 3, 4], [0, 1, 2, 3, 4], [6], [5], [6], [5], [0, 1, 2, 3, 4], [6], [5], [0, 1, 2, 3, 4], [0, 1, 2, 3, 4], [0, 1, 2, 3, 4], [5], [6], [5], [6], [0, 1, 2, 3, 4], [0, 1, 2, 3, 4], [5], [6], [0, 1, 2, 3, 4], [0, 1, 2, 3, 4], [5], [6], [0, 1, 2, 3, 4], [0, 1, 2, 3, 4], [5], [0, 1, 2, 3, 4], [6], [0, 1, 2, 3, 4], [5], [6], [5], [6], [0, 1, 2, 3, 4], [0, 1, 2, 3, 4], [5], [6], [0, 1, 2, 3, 4], [0, 1, 2, 3, 4], [0, 1, 2, 3, 4], [5], [6], [5], [6], [0, 1, 2, 3, 4], [0, 1, 2, 3, 4], [5], [6], [0, 1, 2, 3, 4], [0, 1, 2, 3, 4], [0, 1, 2, 3, 4], [5], [6], [0, 1, 2, 3, 4], [0, 1, 2, 3, 4], [5], [6], [0, 1, 2, 3, 4], [6], [5], [0, 1, 2, 3, 4], [0, 1, 2, 3, 4], [6], [5], [0, 1, 2, 3, 4], [6], [5], [0, 1, 2, 3, 4], [0, 1, 2, 3, 4], [0, 1, 2, 3, 4], [0, 1, 2, 3, 4], [5], [6], [5], [6], [0, 1, 2, 3, 4], [0, 1, 2, 3, 4], [5], [6], [0, 1, 2, 3, 4], [0, 1, 2, 3, 4], [5], [0, 1, 2, 3, 4], [6], [0, 1, 2, 3, 4], [0, 1, 2, 3, 4], [5], [0, 1, 2, 3, 4], [6], [5], [6], [0, 1, 2, 3, 4], [0, 1, 2, 3, 4], [0, 1, 2, 3, 4], [6], [5], [0, 1, 2, 3, 4], [5], [6], [0, 1, 2, 3, 4], [0, 1, 2, 3, 4], [5], [0, 1, 2, 3, 4], [0, 1, 2, 3, 4], [6], [0, 1, 2, 3, 4], [6], [5], [0, 1, 2, 3, 4], [5], [6], [0, 1, 2, 3, 4], [0, 1, 2, 3, 4], [6], [5], [0, 1, 2, 3, 4], [0, 1, 2, 3, 4], [0, 1, 2, 3, 4], [5], [0, 1, 2, 3, 4], [6], [5], [6], [0, 1, 2, 3, 4], [0, 1, 2, 3, 4], [5], [6], [0, 1, 2, 3, 4], [0, 1, 2, 3, 4], [5], [6], [0, 1, 2, 3, 4], [0, 1, 2, 3, 4], [0, 1, 2, 3, 4], [5], [0, 1, 2, 3, 4], [6], [5], [6], [0, 1, 2, 3, 4], [0, 1, 2, 3, 4], [5], [6], [0, 1, 2, 3, 4], [0, 1, 2, 3, 4], [5], [6], [0, 1, 2, 3, 4], [0, 1, 2, 3, 4], [5], [0, 1, 2, 3, 4], [6], [5], [6], [0, 1, 2, 3, 4], [5], [6], [0, 1, 2, 3, 4], [0, 1, 2, 3, 4], [0, 1, 2, 3, 4], [5], [6], [0, 1, 2, 3, 4], [0, 1, 2, 3, 4], [0, 1, 2, 3, 4], [5], [6], [5], [6], [0, 1, 2, 3, 4], [0, 1, 2, 3, 4], [5], [0, 1, 2, 3, 4], [6], [5], [0, 1, 2, 3, 4], [0, 1, 2, 3, 4], [5], [0, 1, 2, 3, 4], [6], [5], [0, 1, 2, 3, 4], [5], [0, 1, 2, 3, 4], [0, 1, 2, 3, 4], [5], [5], [0, 1, 2, 3, 4], [0, 1, 2, 3, 4], [5], [5], [0, 1, 2, 3, 4], [5], [0, 1, 2, 3, 4], [5], [0, 1, 2, 3, 4], [5], [0, 1, 2, 3, 4], [0, 1, 2, 3, 4], [5], [0, 1, 2, 3, 4], [5], [0, 1, 2, 3, 4], [5], [0, 1, 2, 3, 4], [5], [0, 1, 2, 3, 4], [0, 1, 2, 3, 4], [5], [0, 1, 2, 3, 4], [0, 1, 2, 3, 4], [0, 1, 2, 3, 4], [0, 1, 2, 3, 4], [5], [0, 1, 2, 3, 4], [0, 1, 2, 3, 4], [5], [0, 1, 2, 3, 4], [5], [0, 1, 2, 3, 4], [0, 1, 2, 3, 4], [0, 1, 2, 3, 4], [0, 1, 2, 3, 4], [5], [0, 1, 2, 3, 4], [5]]
4;Speers-Cornwall;[1334020_merged_2505486, 1496020, 1397020_merged_2506013, 1006020, 441020, 1585020, 1435020_merged_2505817, 412070, 1035070, 1593020, 119020_merged_2505355, 830010, 1093020_merged_2505645, 2085020_merged_2505403, 2190070, 1421010, 1476020, 1508020_merged_2505497, 647070, 202010_merged_2506046, 178020_merged_2505391, 86020_merged_2505779, 1132020_merged_2505680, 2317070_merged_2505576, 2402010, 998070, 268010, 475020_merged_2505599, 1678020_merged_2505752, 1289020_merged_2505108, 1398010, 921070_merged_2505849, 1923020, 1257020_merged_2505550, 2167070, 800010, 335020, 887020, 111020_merged_2505380, 1345010, 792070_merged_2505989, 1764070, 160010, 697020, 2011020_merged_2505309, 1824020_merged_2505343, 1601010, 554070, 570020_merged_2505311, 1866010, 233070, 768020_merged_2505670, 1961020_merged_2505230, 2007020, 1525010, 2176070_merged_2506057, 518010, 2420070_merged_2505647, 1486020_merged_2506043, 336020_merged_2505956, 1600020, 1806010_merged_2505313, 732070, 1773020, 1786020_merged_2505726, 343010, 645070_merged_2505957, 491020, 35020, 1069020_merged_2506053, 642070_merged_2505925, 1560010, 204010, 1235070, 2310020, 2181020, 1523020_merged_2505845, 1798020_merged_2505378, 2056070_merged_2505826, 1156010, 561070_merged_2505357, 1033010_merged_2505341, 251020, 2264020, 2450020_merged_2505571, 501020_merged_2505413, 1886010, 304070, 1043010, 1160070, 360020_merged_2505373, 954020, 1669020, 2342020_merged_2505154, 2074070, 299010, 1024020_merged_2505870, 63010, 2166070_merged_2505107, 958020_merged_2506092, 949020_merged_2505298, 1468020_merged_2505459, 1325010, 743070, 1233020_merged_2505227, 1851020_merged_2505768, 2199010, 85070, 604020_merged_2506036, 741020_merged_2505722, 1906070, 1333020, 81070, 908020, 2134020_merged_2505780, 488070, 901070_merged_2505955, 633020, 902020_merged_2505281, 1395070, 1337070_merged_2505534, 1698020_merged_2505396, 2292020, 1969070, 1133020, 2370020_merged_2505709];[06:06, 06:18, 06:31, 06:53, 06:54, 07:19, 07:19, 07:22, 07:35, 07:39, 07:40, 07:53, 08:06, 08:09, 08:22, 08:22, 08:29, 08:31, 08:35, 08:35, 08:55, 08:56, 09:19, 09:22, 09:22, 09:35, 09:35, 09:40, 09:44, 10:07, 10:22, 10:22, 10:28, 10:32, 10:35, 10:35, 10:55, 11:13, 11:20, 11:22, 11:22, 11:35, 11:35, 11:43, 12:01, 12:08, 12:22, 12:22, 12:31, 12:35, 12:35, 12:49, 12:56, 13:19, 13:22, 13:22, 13:35, 13:35, 13:37, 13:44, 14:07, 14:22, 14:22, 14:25, 14:32, 14:35, 14:35, 14:55, 15:13, 15:18, 15:22, 15:22, 15:35, 15:35, 15:48, 15:51, 16:09, 16:11, 16:22, 16:22, 16:35, 16:35, 16:43, 16:44, 17:04, 17:07, 17:22, 17:22, 17:35, 17:35, 17:39, 17:43, 18:00, 18:03, 18:22, 18:22, 18:33, 18:35, 18:35, 18:37, 18:56, 18:57, 19:22, 19:22, 19:26, 19:30, 19:35, 19:35, 19:50, 20:18, 20:22, 20:33, 20:35, 21:10, 21:21, 21:22, 21:35, 22:02, 22:13, 22:22, 22:35, 22:48, 23:01, 23:22, 23:23, 23:36];[[0, 1, 2, 3, 4], [0, 1, 2, 3, 4], [0, 1, 2, 3, 4], [0, 1, 2, 3, 4], [0, 1, 2, 3, 4], [0, 1, 2, 3, 4], [0, 1, 2, 3, 4], [5], [5], [0, 1, 2, 3, 4], [0, 1, 2, 3, 4], [6], [0, 1, 2, 3, 4], [0, 1, 2, 3, 4], [5], [6], [0, 1, 2, 3, 4], [0, 1, 2, 3, 4], [5], [6], [0, 1, 2, 3, 4], [0, 1, 2, 3, 4], [0, 1, 2, 3, 4], [5], [6], [5], [6], [0, 1, 2, 3, 4], [0, 1, 2, 3, 4], [0, 1, 2, 3, 4], [6], [5], [0, 1, 2, 3, 4], [0, 1, 2, 3, 4], [5], [6], [0, 1, 2, 3, 4], [0, 1, 2, 3, 4], [0, 1, 2, 3, 4], [6], [5], [5], [6], [0, 1, 2, 3, 4], [0, 1, 2, 3, 4], [0, 1, 2, 3, 4], [6], [5], [0, 1, 2, 3, 4], [6], [5], [0, 1, 2, 3, 4], [0, 1, 2, 3, 4], [0, 1, 2, 3, 4], [6], [5], [6], [5], [0, 1, 2, 3, 4], [0, 1, 2, 3, 4], [0, 1, 2, 3, 4], [6], [5], [0, 1, 2, 3, 4], [0, 1, 2, 3, 4], [6], [5], [0, 1, 2, 3, 4], [0, 1, 2, 3, 4], [0, 1, 2, 3, 4], [5], [6], [6], [5], [0, 1, 2, 3, 4], [0, 1, 2, 3, 4], [0, 1, 2, 3, 4], [0, 1, 2, 3, 4], [5], [6], [5], [6], [0, 1, 2, 3, 4], [0, 1, 2, 3, 4], [0, 1, 2, 3, 4], [0, 1, 2, 3, 4], [6], [5], [6], [5], [0, 1, 2, 3, 4], [0, 1, 2, 3, 4], [0, 1, 2, 3, 4], [0, 1, 2, 3, 4], [5], [6], [0, 1, 2, 3, 4], [6], [5], [0, 1, 2, 3, 4], [0, 1, 2, 3, 4], [0, 1, 2, 3, 4], [6], [5], [0, 1, 2, 3, 4], [0, 1, 2, 3, 4], [6], [5], [0, 1, 2, 3, 4], [0, 1, 2, 3, 4], [5], [0, 1, 2, 3, 4], [5], [0, 1, 2, 3, 4], [0, 1, 2, 3, 4], [5], [5], [0, 1, 2, 3, 4], [0, 1, 2, 3, 4], [5], [5], [0, 1, 2, 3, 4], [0, 1, 2, 3, 4], [5], [0, 1, 2, 3, 4], [0, 1, 2, 3, 4]]
14A;Lakeshore West;[131020_merged_2506108, 620020_merged_2505978, 1659020, 623020_merged_2505651, 2112020_merged_2505769, 1473020_merged_2505500, 59020_merged_2506105, 865070, 1712020, 100020, 964070, 1168020, 2312070, 161020, 658020, 729020_merged_2505307, 1929070, 1826020, 911070, 168020_merged_2505590, 2165010_merged_2506020, 1440020, 451020_merged_2505948, 2133010, 1208070_merged_2505383, 797020_merged_2505525, 151010, 284070, 1599020, 122020_merged_2505508, 166020_merged_2505297, 1964010, 2010070_merged_2505673, 1388020_merged_2505241, 2129070_merged_2505381, 184020, 2287010_merged_2505641, 152020_merged_2506032, 967020_merged_2505379, 92070_merged_2505990, 2213010, 1234070_merged_2505450, 665010_merged_2505715, 733020_merged_2506064, 1957010, 102070, 2238020, 1062020, 957070_merged_2506034, 110010_merged_2505544, 529020, 492070_merged_2505104, 1891010, 1654070_merged_2505348, 636020_merged_2505867, 853010, 600010, 1470070, 1761020, 1139020_merged_2505593, 106010_merged_2505810, 1373070, 1057020, 1185020_merged_2505650, 1920070_merged_2505170, 1711010, 1317070, 1867010, 916010_merged_2505547, 1724070, 1146020, 270020, 703010, 1768070_merged_2505976, 1813020_merged_2505291, 2294020, 271010_merged_2505675, 679070, 2062010, 2082070_merged_2505901, 219070_merged_2505523, 2144010, 1990020, 1596020, 1948010, 829070, 1487020_merged_2505649, 32020_merged_2506072, 1710010, 320070, 1625070, 814010, 364070, 1459010, 24020, 489020, 484010, 1192070_merged_2505692, 1609020, 240020, 1791010, 26070_merged_2505494, 2034070, 899010_merged_2505194, 2308070, 105010_merged_2505190, 2461020, 993020_merged_2505512, 1231010, 589070, 2119020_merged_2505753, 1777020, 590070, 2427010, 1856010, 444070, 2178010, 1191070, 519020_merged_2505409, 1549010, 429070, 1152020_merged_2506024, 587020_merged_2506027, 192070, 1747010_merged_2505816, 350070, 2215010, 377020_merged_2505994, 1695020, 2462010, 1122070, 13010, 1438070_merged_2505855, 1059020_merged_2505262, 289020, 1386020_merged_2505823, 153020, 2120010, 2014070_merged_2505152, 296010, 69070, 1595020, 1939020, 2273020_merged_2506083, 2150020_merged_2505622, 369070_merged_2505906, 1248010, 558070, 112010_merged_2505520, 1100020, 2303020_merged_2505759, 951020, 1176020, 1639070, 210010, 1634070, 1732010_merged_2505495, 125020_merged_2505586, 1124020, 1742020, 1369020, 163070, 2247010, 379010, 1169070, 1404020, 1467020, 1434020, 566010_merged_2505782, 245070, 1447020_merged_2505376, 1651010, 1936070_merged_2505323, 821010, 2012070, 1959020_merged_2505210, 1410020_merged_2505735, 2250010, 1277070_merged_2505998, 95020_merged_2505123, 1201020_merged_2505935, 1341070, 1703070_merged_2505854, 556070_merged_2505466, 1352020, 143020, 482070, 2426020, 803070, 328020_merged_2506044, 2346070, 1457070, 1034020_merged_2505609, 1038020_merged_2505480, 1650070, 2429020_merged_2506101, 2413070, 468020_merged_2505176, 1308070, 282070, 1249020, 1894020, 150070, 1581070, 2389020_merged_2505359, 2204070, 689070, 227020_merged_2506073, 1102020];[05:55, 06:05, 06:06, 06:28, 06:32, 06:37, 06:40, 06:55, 06:58, 07:05, 07:10, 07:10, 07:12, 07:12, 07:28, 07:35, 07:37, 07:40, 07:42, 07:42, 07:55, 07:58, 08:05, 08:10, 08:10, 08:10, 08:12, 08:12, 08:12, 08:22, 08:35, 08:37, 08:37, 08:40, 08:42, 08:42, 08:42, 09:03, 09:07, 09:10, 09:10, 09:12, 09:12, 09:12, 09:37, 09:37, 09:40, 09:41, 09:42, 09:42, 10:07, 10:10, 10:10, 10:12, 10:12, 10:12, 10:37, 10:37, 10:40, 10:41, 10:42, 10:42, 11:07, 11:08, 11:10, 11:10, 11:12, 11:12, 11:37, 11:37, 11:40, 11:41, 11:42, 11:42, 12:07, 12:08, 12:10, 12:10, 12:12, 12:12, 12:37, 12:37, 12:40, 12:41, 12:42, 12:42, 13:07, 13:08, 13:10, 13:10, 13:12, 13:12, 13:37, 13:37, 13:40, 13:41, 13:42, 13:42, 14:07, 14:08, 14:10, 14:10, 14:12, 14:12, 14:37, 14:37, 14:40, 14:41, 14:42, 14:42, 15:07, 15:08, 15:10, 15:10, 15:12, 15:12, 15:37, 15:37, 15:40, 15:42, 15:42, 15:51, 16:07, 16:10, 16:10, 16:12, 16:12, 16:15, 16:31, 16:37, 16:37, 16:42, 16:42, 16:51, 16:55, 17:01, 17:03, 17:10, 17:10, 17:12, 17:12, 17:25, 17:31, 17:33, 17:36, 17:37, 17:37, 17:42, 17:42, 17:55, 18:01, 18:03, 18:06, 18:10, 18:10, 18:12, 18:12, 18:25, 18:31, 18:33, 18:36, 18:37, 18:37, 18:42, 18:42, 19:03, 19:06, 19:07, 19:10, 19:10, 19:10, 19:12, 19:12, 19:37, 19:37, 19:38, 19:41, 19:42, 19:42, 20:07, 20:10, 20:10, 20:12, 20:37, 20:38, 20:41, 20:42, 21:07, 21:10, 21:10, 21:12, 21:37, 21:38, 21:41, 21:42, 22:10, 22:10, 22:10, 22:12, 22:37, 22:38, 22:41, 22:42, 23:07, 23:10, 23:40, 23:40, 23:40, 23:40];[[0, 1, 2, 3, 4], [0, 1, 2, 3, 4], [0, 1, 2, 3, 4], [0, 1, 2, 3, 4], [0, 1, 2, 3, 4], [0, 1, 2, 3, 4], [0, 1, 2, 3, 4], [5], [0, 1, 2, 3, 4], [0, 1, 2, 3, 4], [5], [0, 1, 2, 3, 4], [5], [0, 1, 2, 3, 4], [0, 1, 2, 3, 4], [0, 1, 2, 3, 4], [5], [0, 1, 2, 3, 4], [5], [0, 1, 2, 3, 4], [6], [0, 1, 2, 3, 4], [0, 1, 2, 3, 4], [6], [5], [0, 1, 2, 3, 4], [6], [5], [0, 1, 2, 3, 4], [0, 1, 2, 3, 4], [0, 1, 2, 3, 4], [6], [5], [0, 1, 2, 3, 4], [5], [0, 1, 2, 3, 4], [6], [0, 1, 2, 3, 4], [0, 1, 2, 3, 4], [5], [6], [5], [6], [0, 1, 2, 3, 4], [6], [5], [0, 1, 2, 3, 4], [0, 1, 2, 3, 4], [5], [6], [0, 1, 2, 3, 4], [5], [6], [5], [0, 1, 2, 3, 4], [6], [6], [5], [0, 1, 2, 3, 4], [0, 1, 2, 3, 4], [6], [5], [0, 1, 2, 3, 4], [0, 1, 2, 3, 4], [5], [6], [5], [6], [6], [5], [0, 1, 2, 3, 4], [0, 1, 2, 3, 4], [6], [5], [0, 1, 2, 3, 4], [0, 1, 2, 3, 4], [6], [5], [6], [5], [5], [6], [0, 1, 2, 3, 4], [0, 1, 2, 3, 4], [6], [5], [0, 1, 2, 3, 4], [0, 1, 2, 3, 4], [6], [5], [5], [6], [5], [6], [0, 1, 2, 3, 4], [0, 1, 2, 3, 4], [6], [5], [0, 1, 2, 3, 4], [0, 1, 2, 3, 4], [6], [5], [5], [6], [5], [6], [0, 1, 2, 3, 4], [0, 1, 2, 3, 4], [6], [5], [0, 1, 2, 3, 4], [0, 1, 2, 3, 4], [5], [6], [6], [5], [6], [5], [0, 1, 2, 3, 4], [6], [5], [0, 1, 2, 3, 4], [0, 1, 2, 3, 4], [5], [6], [5], [6], [0, 1, 2, 3, 4], [0, 1, 2, 3, 4], [6], [5], [6], [5], [0, 1, 2, 3, 4], [0, 1, 2, 3, 4], [0, 1, 2, 3, 4], [0, 1, 2, 3, 4], [6], [5], [6], [5], [0, 1, 2, 3, 4], [0, 1, 2, 3, 4], [0, 1, 2, 3, 4], [0, 1, 2, 3, 4], [5], [6], [5], [6], [0, 1, 2, 3, 4], [0, 1, 2, 3, 4], [0, 1, 2, 3, 4], [0, 1, 2, 3, 4], [5], [6], [5], [6], [0, 1, 2, 3, 4], [0, 1, 2, 3, 4], [0, 1, 2, 3, 4], [0, 1, 2, 3, 4], [5], [6], [6], [5], [0, 1, 2, 3, 4], [0, 1, 2, 3, 4], [0, 1, 2, 3, 4], [6], [5], [0, 1, 2, 3, 4], [6], [5], [6], [5], [0, 1, 2, 3, 4], [0, 1, 2, 3, 4], [6], [5], [0, 1, 2, 3, 4], [0, 1, 2, 3, 4], [5], [5], [5], [0, 1, 2, 3, 4], [0, 1, 2, 3, 4], [5], [0, 1, 2, 3, 4], [5], [0, 1, 2, 3, 4], [5], [5], [0, 1, 2, 3, 4], [0, 1, 2, 3, 4], [5], [0, 1, 2, 3, 4], [5], [0, 1, 2, 3, 4], [5], [5], [0, 1, 2, 3, 4], [0, 1, 2, 3, 4], [5], [5], [0, 1, 2, 3, 4], [5], [5], [0, 1, 2, 3, 4], [0, 1, 2, 3, 4]]
81N;Abbey Park North;[];[];[]
81A;Abbey Park and Loyola;[];[];[]
81B;Abbey Park and Loyola;[];[];[]
6;Upper Middle;[1252020_merged_2505345, 222020, 36070, 1501020, 820020_merged_2505618, 1003070, 2451020, 293020, 2019020, 786010, 2261020_merged_2505250, 235070_merged_2505707, 774010, 187070, 442020, 1615020, 2366020, 796020, 595010, 906070, 2123020_merged_2505562, 1441070, 798010, 1216020_merged_2505360, 505020, 1674020, 1553010_merged_2505308, 155070, 2448020_merged_2505344, 1461070, 1803010, 1382020_merged_2505736, 1972020, 1778070, 862010, 1905020_merged_2505949, 1757010, 963070_merged_2505293, 654020_merged_2505352, 101020, 1953020, 353070, 762010, 2210070_merged_2506005, 759010, 714020_merged_2505830, 1904020_merged_2505763, 1125020, 349010_merged_2505940, 770070, 985020, 778070, 418010, 22020_merged_2505249, 598020_merged_2505842, 1275070, 648010_merged_2505226, 11020, 1494020, 334010, 2027070, 1205020, 1448020_merged_2505864, 1895010, 1048070, 1837020, 2379070, 259010, 2289020_merged_2505492, 473020, 25020_merged_2505863, 1793020, 1930010, 904070, 1743010, 206070_merged_2505993, 376020_merged_2505861, 371020, 420020, 1228020, 1643070_merged_2505362, 2362010, 2188020, 321020_merged_2505672, 760070, 517010_merged_2505962, 537020, 1944020_merged_2505149, 572020, 2424020_merged_2505795, 1123070_merged_2505160, 1727010, 173070, 90010, 761020_merged_2505407, 879020_merged_2505203, 1805020_merged_2505363, 995020_merged_2505264, 996070, 2003010, 1591020_merged_2505121, 1716020, 989010, 2093070, 1402020_merged_2505242, 2216020_merged_2505982, 1792020_merged_2506071, 2164020_merged_2505202, 390020_merged_2505897, 813020];[06:10, 06:35, 06:48, 06:59, 07:00, 07:09, 07:24, 07:25, 07:49, 07:50, 07:50, 07:53, 08:09, 08:09, 08:14, 08:15, 08:39, 08:40, 08:53, 08:53, 09:04, 09:09, 09:09, 09:15, 09:29, 09:50, 09:53, 09:53, 10:03, 10:09, 10:09, 10:25, 10:38, 10:53, 10:53, 11:00, 11:09, 11:09, 11:13, 11:35, 11:48, 11:53, 11:53, 12:09, 12:09, 12:10, 12:23, 12:45, 12:53, 12:53, 12:58, 13:09, 13:09, 13:20, 13:33, 13:53, 13:53, 13:55, 14:08, 14:09, 14:09, 14:30, 14:43, 14:53, 14:53, 14:55, 15:09, 15:09, 15:18, 15:20, 15:45, 15:46, 15:53, 15:53, 16:09, 16:09, 16:10, 16:11, 16:35, 16:36, 16:53, 16:53, 17:00, 17:01, 17:09, 17:09, 17:25, 17:26, 17:50, 17:51, 17:53, 17:53, 18:09, 18:09, 18:15, 18:16, 18:40, 18:41, 18:53, 18:53, 19:05, 19:06, 19:09, 19:09, 19:30, 19:31, 19:53, 19:55, 20:18, 20:43];[[0, 1, 2, 3, 4], [0, 1, 2, 3, 4], [5], [0, 1, 2, 3, 4], [0, 1, 2, 3, 4], [5], [0, 1, 2, 3, 4], [0, 1, 2, 3, 4], [0, 1, 2, 3, 4], [6], [0, 1, 2, 3, 4], [5], [6], [5], [0, 1, 2, 3, 4], [0, 1, 2, 3, 4], [0, 1, 2, 3, 4], [0, 1, 2, 3, 4], [6], [5], [0, 1, 2, 3, 4], [5], [6], [0, 1, 2, 3, 4], [0, 1, 2, 3, 4], [0, 1, 2, 3, 4], [6], [5], [0, 1, 2, 3, 4], [5], [6], [0, 1, 2, 3, 4], [0, 1, 2, 3, 4], [5], [6], [0, 1, 2, 3, 4], [6], [5], [0, 1, 2, 3, 4], [0, 1, 2, 3, 4], [0, 1, 2, 3, 4], [5], [6], [5], [6], [0, 1, 2, 3, 4], [0, 1, 2, 3, 4], [0, 1, 2, 3, 4], [6], [5], [0, 1, 2, 3, 4], [5], [6], [0, 1, 2, 3, 4], [0, 1, 2, 3, 4], [5], [6], [0, 1, 2, 3, 4], [0, 1, 2, 3, 4], [6], [5], [0, 1, 2, 3, 4], [0, 1, 2, 3, 4], [6], [5], [0, 1, 2, 3, 4], [5], [6], [0, 1, 2, 3, 4], [0, 1, 2, 3, 4], [0, 1, 2, 3, 4], [0, 1, 2, 3, 4], [6], [5], [6], [5], [0, 1, 2, 3, 4], [0, 1, 2, 3, 4], [0, 1, 2, 3, 4], [0, 1, 2, 3, 4], [5], [6], [0, 1, 2, 3, 4], [0, 1, 2, 3, 4], [5], [6], [0, 1, 2, 3, 4], [0, 1, 2, 3, 4], [0, 1, 2, 3, 4], [0, 1, 2, 3, 4], [5], [6], [5], [6], [0, 1, 2, 3, 4], [0, 1, 2, 3, 4], [0, 1, 2, 3, 4], [0, 1, 2, 3, 4], [5], [6], [0, 1, 2, 3, 4], [0, 1, 2, 3, 4], [6], [5], [0, 1, 2, 3, 4], [0, 1, 2, 3, 4], [0, 1, 2, 3, 4], [0, 1, 2, 3, 4], [0, 1, 2, 3, 4], [0, 1, 2, 3, 4]]
120;East Industrial;[1431020, 368020, 2142020, 1377020_merged_2505115, 1020020, 2154020_merged_2505764, 907020_merged_2505975, 1076020, 2453020_merged_2505688, 840020_merged_2506035, 1173020_merged_2505674, 1871020, 322020, 1199020, 2018020_merged_2505526, 231020, 1504020_merged_2505209, 2173020_merged_2506059, 144020_merged_2505654, 877020_merged_2505564, 1065020, 1847020, 942020, 1782020_merged_2505799, 638020, 603020_merged_2505236, 6020, 1662020_merged_2505478];[06:35, 07:00, 07:05, 07:30, 07:35, 08:00, 08:05, 08:30, 08:35, 09:00, 09:05, 09:30, 10:05, 10:30, 15:05, 15:30, 15:35, 16:00, 16:00, 16:25, 16:26, 16:55, 17:05, 17:30, 17:30, 17:55, 18:05, 18:30];[[0, 1, 2, 3, 4], [0, 1, 2, 3, 4], [0, 1, 2, 3, 4], [0, 1, 2, 3, 4], [0, 1, 2, 3, 4], [0, 1, 2, 3, 4], [0, 1, 2, 3, 4], [0, 1, 2, 3, 4], [0, 1, 2, 3, 4], [0, 1, 2, 3, 4], [0, 1, 2, 3, 4], [0, 1, 2, 3, 4], [0, 1, 2, 3, 4], [0, 1, 2, 3, 4], [0, 1, 2, 3, 4], [0, 1, 2, 3, 4], [0, 1, 2, 3, 4], [0, 1, 2, 3, 4], [0, 1, 2, 3, 4], [0, 1, 2, 3, 4], [0, 1, 2, 3, 4], [0, 1, 2, 3, 4], [0, 1, 2, 3, 4], [0, 1, 2, 3, 4], [0, 1, 2, 3, 4], [0, 1, 2, 3, 4], [0, 1, 2, 3, 4], [0, 1, 2, 3, 4]]
71;White Oaks S.S. Special;[];[];[]
81S;Abbey Park/Loyola South;[];[];[]
11;Linbrook;[2069020, 970020, 2334020, 1737020_merged_2506079, 2316020, 1765020, 474020_merged_2505367, 114020, 2198020_merged_2505354, 1073020, 1127020_merged_2505410, 1839020, 1696020, 1933020_merged_2505832, 312020_merged_2505445, 309020_merged_2505653, 357020, 476020_merged_2505179, 816020, 2106020_merged_2505963, 1251020, 1881020, 1001020, 551020_merged_2505630, 1245020_merged_2505557, 2180020, 2114020, 712020_merged_2505158, 1403020_merged_2505098, 856020, 395020, 1040020_merged_2505903];[05:55, 06:26, 06:55, 07:26, 07:45, 08:26, 08:55, 09:26, 09:55, 10:26, 10:55, 11:26, 11:55, 12:26, 12:55, 13:26, 13:55, 14:26, 14:55, 15:26, 15:55, 16:30, 17:10, 17:41, 18:10, 18:41, 19:10, 19:41, 20:10, 20:41, 21:10, 21:41];[[0, 1, 2, 3, 4], [0, 1, 2, 3, 4], [0, 1, 2, 3, 4], [0, 1, 2, 3, 4], [0, 1, 2, 3, 4], [0, 1, 2, 3, 4], [0, 1, 2, 3, 4], [0, 1, 2, 3, 4], [0, 1, 2, 3, 4], [0, 1, 2, 3, 4], [0, 1, 2, 3, 4], [0, 1, 2, 3, 4], [0, 1, 2, 3, 4], [0, 1, 2, 3, 4], [0, 1, 2, 3, 4], [0, 1, 2, 3, 4], [0, 1, 2, 3, 4], [0, 1, 2, 3, 4], [0, 1, 2, 3, 4], [0, 1, 2, 3, 4], [0, 1, 2, 3, 4], [0, 1, 2, 3, 4], [0, 1, 2, 3, 4], [0, 1, 2, 3, 4], [0, 1, 2, 3, 4], [0, 1, 2, 3, 4], [0, 1, 2, 3, 4], [0, 1, 2, 3, 4], [0, 1, 2, 3, 4], [0, 1, 2, 3, 4], [0, 1, 2, 3, 4], [0, 1, 2, 3, 4]]
10;West Industrial;[132020, 950020, 699020_merged_2505533, 65020_merged_2505134, 2005020, 711020, 946020_merged_2505913, 1420020, 1110020, 1321020_merged_2505406, 1425020_merged_2505428, 802020_merged_2505995, 2439020, 767020_merged_2505798, 1569020, 2257020_merged_2505471, 1147020_merged_2505476, 1128020_merged_2505964, 833020_merged_2505829, 156020_merged_2506104, 773020, 683020_merged_2505565, 2336020_merged_2505155, 1120020_merged_2506089, 432020, 2057020, 1814020, 1719020];[06:40, 07:10, 07:16, 07:40, 07:46, 08:10, 08:16, 08:40, 08:46, 09:10, 09:16, 09:40, 09:46, 10:16, 14:15, 14:40, 14:45, 15:10, 15:15, 15:40, 15:45, 16:10, 16:15, 16:40, 16:45, 17:10, 17:15, 17:40];[[0, 1, 2, 3, 4], [0, 1, 2, 3, 4], [0, 1, 2, 3, 4], [0, 1, 2, 3, 4], [0, 1, 2, 3, 4], [0, 1, 2, 3, 4], [0, 1, 2, 3, 4], [0, 1, 2, 3, 4], [0, 1, 2, 3, 4], [0, 1, 2, 3, 4], [0, 1, 2, 3, 4], [0, 1, 2, 3, 4], [0, 1, 2, 3, 4], [0, 1, 2, 3, 4], [0, 1, 2, 3, 4], [0, 1, 2, 3, 4], [0, 1, 2, 3, 4], [0, 1, 2, 3, 4], [0, 1, 2, 3, 4], [0, 1, 2, 3, 4], [0, 1, 2, 3, 4], [0, 1, 2, 3, 4], [0, 1, 2, 3, 4], [0, 1, 2, 3, 4], [0, 1, 2, 3, 4], [0, 1, 2, 3, 4], [0, 1, 2, 3, 4], [0, 1, 2, 3, 4]]
13;Westoak Trails;[16020, 2066020_merged_2505977, 1759020_merged_2505721, 362020, 1668020, 588070_merged_2505844, 644070, 2387020_merged_2505499, 931020, 1699020, 1498070, 1322070, 1114010, 1460020_merged_2505389, 2459010, 823020, 526020, 2383070, 1934010, 1739020, 1966010, 799070, 1497020, 1590020, 1531020, 116020_merged_2505515, 713010, 789070_merged_2505685, 1810010, 750070, 834020_merged_2506050, 1106020_merged_2505331, 31020, 1512020, 2143070, 171010, 1437070_merged_2505175, 1517010, 994020_merged_2505266, 127020_merged_2505183, 1313020, 709020, 1912020, 1263070, 2246010, 2124010, 2070070, 2033020_merged_2505304, 344020, 1605020, 1175020_merged_2506003, 1393020_merged_2505872, 1795010, 283070, 1718070, 3010, 426020_merged_2505943, 943020_merged_2505868, 248020_merged_2505204, 875020_merged_2505278, 2337010, 1666070_merged_2505602, 430020, 137070_merged_2505212, 1357010, 294020, 2230020_merged_2505937, 2152020_merged_2505892, 2356020_merged_2505491, 310070_merged_2505493, 1063010, 599020_merged_2505918, 1182010, 2025070, 1914020, 1439020, 83020, 1802070, 1013020, 71010, 1171010, 2372070, 2002020_merged_2505862, 2131020_merged_2505335, 1270020, 319020, 1971070, 2306010, 2087020_merged_2506030, 2373010, 1854070, 1443020_merged_2505233, 186020_merged_2505953, 528020_merged_2506028, 2359020, 1745010, 1922070_merged_2505584, 1480010, 447070_merged_2505791, 53020_merged_2505126, 937020, 1484020_merged_2505280, 790020_merged_2505951, 1347070_merged_2505219, 1336010, 752010, 1850070, 882020_merged_2505393, 68020_merged_2505294, 1489020_merged_2505244, 1170020_merged_2505330, 1107010, 543070_merged_2505147, 2229020_merged_2505681, 888070_merged_2505663, 725020_merged_2505660, 607020, 135020, 278020_merged_2505757, 1091070_merged_2505591, 1720070, 2465020_merged_2505511, 1007020_merged_2506029, 1977020_merged_2505695, 2364020, 2464020_merged_2506111, 826070, 2265070, 241020_merged_2505474, 1187020_merged_2505370, 2232020_merged_2505165, 2172020, 1042020_merged_2505666, 1888020, 1359020_merged_2505177, 1236020_merged_2505908, 89020];[06:00, 06:05, 06:20, 06:35, 06:43, 06:47, 06:56, 07:05, 07:22, 07:30, 07:35, 07:40, 07:47, 07:52, 07:56, 08:00, 08:17, 08:35, 08:35, 08:35, 08:40, 08:40, 08:47, 09:05, 09:16, 09:35, 09:35, 09:35, 09:40, 09:40, 09:46, 10:00, 10:16, 10:25, 10:35, 10:35, 10:40, 10:40, 10:41, 10:50, 11:06, 11:15, 11:31, 11:35, 11:35, 11:40, 11:40, 11:40, 11:56, 12:05, 12:21, 12:30, 12:35, 12:35, 12:40, 12:40, 12:46, 12:55, 13:11, 13:20, 13:35, 13:35, 13:36, 13:40, 13:40, 13:45, 14:01, 14:10, 14:26, 14:35, 14:35, 14:35, 14:40, 14:40, 14:57, 15:05, 15:22, 15:35, 15:35, 15:35, 15:40, 15:40, 15:50, 15:52, 16:15, 16:22, 16:35, 16:35, 16:37, 16:40, 16:40, 16:45, 17:02, 17:15, 17:32, 17:35, 17:35, 17:40, 17:40, 17:45, 18:02, 18:15, 18:30, 18:35, 18:35, 18:40, 18:40, 18:45, 19:02, 19:11, 19:25, 19:35, 19:35, 19:37, 19:40, 19:51, 20:03, 20:17, 20:29, 20:35, 20:40, 20:43, 20:55, 21:09, 21:21, 21:35, 21:35, 21:40, 21:47, 22:01, 22:13, 22:27, 22:39, 22:53, 23:05, 23:19, 23:45];[[0, 1, 2, 3, 4], [0, 1, 2, 3, 4], [0, 1, 2, 3, 4], [0, 1, 2, 3, 4], [0, 1, 2, 3, 4], [5], [5], [0, 1, 2, 3, 4], [0, 1, 2, 3, 4], [0, 1, 2, 3, 4], [5], [5], [6], [0, 1, 2, 3, 4], [6], [0, 1, 2, 3, 4], [0, 1, 2, 3, 4], [5], [6], [0, 1, 2, 3, 4], [6], [5], [0, 1, 2, 3, 4], [0, 1, 2, 3, 4], [0, 1, 2, 3, 4], [0, 1, 2, 3, 4], [6], [5], [6], [5], [0, 1, 2, 3, 4], [0, 1, 2, 3, 4], [0, 1, 2, 3, 4], [0, 1, 2, 3, 4], [5], [6], [5], [6], [0, 1, 2, 3, 4], [0, 1, 2, 3, 4], [0, 1, 2, 3, 4], [0, 1, 2, 3, 4], [0, 1, 2, 3, 4], [5], [6], [6], [5], [0, 1, 2, 3, 4], [0, 1, 2, 3, 4], [0, 1, 2, 3, 4], [0, 1, 2, 3, 4], [0, 1, 2, 3, 4], [6], [5], [5], [6], [0, 1, 2, 3, 4], [0, 1, 2, 3, 4], [0, 1, 2, 3, 4], [0, 1, 2, 3, 4], [6], [5], [0, 1, 2, 3, 4], [5], [6], [0, 1, 2, 3, 4], [0, 1, 2, 3, 4], [0, 1, 2, 3, 4], [0, 1, 2, 3, 4], [5], [6], [0, 1, 2, 3, 4], [6], [5], [0, 1, 2, 3, 4], [0, 1, 2, 3, 4], [0, 1, 2, 3, 4], [5], [0, 1, 2, 3, 4], [6], [6], [5], [0, 1, 2, 3, 4], [0, 1, 2, 3, 4], [0, 1, 2, 3, 4], [0, 1, 2, 3, 4], [5], [6], [0, 1, 2, 3, 4], [6], [5], [0, 1, 2, 3, 4], [0, 1, 2, 3, 4], [0, 1, 2, 3, 4], [0, 1, 2, 3, 4], [6], [5], [6], [5], [0, 1, 2, 3, 4], [0, 1, 2, 3, 4], [0, 1, 2, 3, 4], [0, 1, 2, 3, 4], [5], [6], [6], [5], [0, 1, 2, 3, 4], [0, 1, 2, 3, 4], [0, 1, 2, 3, 4], [0, 1, 2, 3, 4], [6], [5], [0, 1, 2, 3, 4], [5], [0, 1, 2, 3, 4], [0, 1, 2, 3, 4], [0, 1, 2, 3, 4], [0, 1, 2, 3, 4], [5], [5], [0, 1, 2, 3, 4], [0, 1, 2, 3, 4], [0, 1, 2, 3, 4], [0, 1, 2, 3, 4], [0, 1, 2, 3, 4], [5], [5], [0, 1, 2, 3, 4], [0, 1, 2, 3, 4], [0, 1, 2, 3, 4], [0, 1, 2, 3, 4], [0, 1, 2, 3, 4], [0, 1, 2, 3, 4], [0, 1, 2, 3, 4], [0, 1, 2, 3, 4], [0, 1, 2, 3, 4]]
12;Winston Park;[169020, 2146020, 530020_merged_2506081, 2255020_merged_2505760, 1446020_merged_2505800, 1543020, 305020, 1610020_merged_2505671, 1976020_merged_2505876, 1087020_merged_2505448, 655020_merged_2505968, 2192020, 656020_merged_2505129, 1280020, 1340020_merged_2505711, 260020_merged_2505201, 448020_merged_2506074, 221020_merged_2505909, 978020_merged_2505400, 1954020_merged_2505408, 2443020_merged_2505301, 1882020_merged_2505442, 181020_merged_2505186, 2406020_merged_2505894, 1348020_merged_2505561, 580020, 1735020, 1282020_merged_2505648, 1925020_merged_2505733, 1474020_merged_2505926];[06:05, 06:25, 06:35, 06:55, 06:55, 07:25, 07:25, 07:55, 07:55, 08:25, 08:25, 08:55, 08:55, 09:25, 15:25, 15:55, 15:55, 16:25, 16:25, 16:51, 16:55, 17:25, 17:25, 17:51, 17:55, 18:25, 18:25, 18:55, 18:55, 19:25];[[0, 1, 2, 3, 4], [0, 1, 2, 3, 4], [0, 1, 2, 3, 4], [0, 1, 2, 3, 4], [0, 1, 2, 3, 4], [0, 1, 2, 3, 4], [0, 1, 2, 3, 4], [0, 1, 2, 3, 4], [0, 1, 2, 3, 4], [0, 1, 2, 3, 4], [0, 1, 2, 3, 4], [0, 1, 2, 3, 4], [0, 1, 2, 3, 4], [0, 1, 2, 3, 4], [0, 1, 2, 3, 4], [0, 1, 2, 3, 4], [0, 1, 2, 3, 4], [0, 1, 2, 3, 4], [0, 1, 2, 3, 4], [0, 1, 2, 3, 4], [0, 1, 2, 3, 4], [0, 1, 2, 3, 4], [0, 1, 2, 3, 4], [0, 1, 2, 3, 4], [0, 1, 2, 3, 4], [0, 1, 2, 3, 4], [0, 1, 2, 3, 4], [0, 1, 2, 3, 4], [0, 1, 2, 3, 4], [0, 1, 2, 3, 4]]
15;Bridge;[1918020_merged_2506017, 1159020_merged_2505463, 2239020_merged_2505489, 1269020_merged_2505611, 373070, 254020_merged_2505438, 609020_merged_2505439, 1949070, 1647020_merged_2506093, 306020, 1632070, 565010_merged_2505290, 1464020_merged_2505462, 601020_merged_2505506, 1629070, 1215010, 298020, 2299020_merged_2505754, 500070, 28010_merged_2506040, 2409020, 2403020_merged_2505196, 2030070, 1465010, 2079020_merged_2505232, 611010, 1578070, 1955020, 431020_merged_2505322, 659010, 493070_merged_2505124, 810020, 1583070, 1874010_merged_2505481, 42020_merged_2505548, 1244020_merged_2505974, 1648010_merged_2505850, 1394070_merged_2505986, 1558020, 1272020, 808010_merged_2505453, 1050070, 1351020_merged_2505392, 386020_merged_2506052, 1758070, 2029010, 631020, 472020_merged_2505114, 329070, 1135010_merged_2505941, 910020_merged_2505966, 1642020_merged_2505416, 986010, 39070_merged_2505698, 41020_merged_2505973, 788020_merged_2506042, 915070, 1109010, 892020, 1301020_merged_2505273, 1989070, 1183010, 2398020, 2205020_merged_2505580, 2335070, 858010, 1524020_merged_2505138, 2051020, 939070, 193010, 1286020_merged_2505718, 2055020, 479070, 2068010, 1318020_merged_2505846, 2045070_merged_2505514, 1635010, 2022020_merged_2505164, 1136010, 2297070, 2184020_merged_2506060, 1951020_merged_2505934, 1644010, 1456070, 2104020, 1667020, 1242070, 1994010, 2333020_merged_2505820, 1979020_merged_2505629, 1547070, 8010_merged_2505162, 1211020_merged_2506103, 1331020_merged_2505217, 2354010, 1500070, 1987020_merged_2505292, 1195070, 1574010, 981070_merged_2505946, 2313020_merged_2506012, 2267020_merged_2505954];[06:08, 06:10, 06:42, 06:45, 07:08, 07:17, 07:20, 07:40, 07:52, 07:52, 08:08, 08:08, 08:24, 08:30, 08:40, 08:40, 09:02, 09:05, 09:08, 09:08, 09:37, 09:37, 09:40, 09:40, 10:07, 10:08, 10:08, 10:09, 10:39, 10:40, 10:40, 10:41, 11:08, 11:08, 11:11, 11:13, 11:40, 11:40, 11:43, 11:45, 12:08, 12:08, 12:15, 12:17, 12:40, 12:40, 12:47, 12:49, 13:08, 13:08, 13:18, 13:19, 13:40, 13:40, 13:48, 13:53, 14:08, 14:08, 14:19, 14:23, 14:40, 14:40, 14:55, 14:57, 15:08, 15:08, 15:27, 15:30, 15:40, 15:40, 16:03, 16:05, 16:08, 16:08, 16:38, 16:40, 16:40, 16:40, 17:08, 17:08, 17:13, 17:15, 17:40, 17:40, 17:48, 18:00, 18:08, 18:08, 18:30, 18:33, 18:40, 18:40, 19:05, 19:05, 19:08, 19:08, 19:38, 19:40, 19:40, 20:08, 20:10, 20:40];[[0, 1, 2, 3, 4], [0, 1, 2, 3, 4], [0, 1, 2, 3, 4], [0, 1, 2, 3, 4], [5], [0, 1, 2, 3, 4], [0, 1, 2, 3, 4], [5], [0, 1, 2, 3, 4], [0, 1, 2, 3, 4], [5], [6], [0, 1, 2, 3, 4], [0, 1, 2, 3, 4], [5], [6], [0, 1, 2, 3, 4], [0, 1, 2, 3, 4], [5], [6], [0, 1, 2, 3, 4], [0, 1, 2, 3, 4], [5], [6], [0, 1, 2, 3, 4], [6], [5], [0, 1, 2, 3, 4], [0, 1, 2, 3, 4], [6], [5], [0, 1, 2, 3, 4], [5], [6], [0, 1, 2, 3, 4], [0, 1, 2, 3, 4], [6], [5], [0, 1, 2, 3, 4], [0, 1, 2, 3, 4], [6], [5], [0, 1, 2, 3, 4], [0, 1, 2, 3, 4], [5], [6], [0, 1, 2, 3, 4], [0, 1, 2, 3, 4], [5], [6], [0, 1, 2, 3, 4], [0, 1, 2, 3, 4], [6], [5], [0, 1, 2, 3, 4], [0, 1, 2, 3, 4], [5], [6], [0, 1, 2, 3, 4], [0, 1, 2, 3, 4], [5], [6], [0, 1, 2, 3, 4], [0, 1, 2, 3, 4], [5], [6], [0, 1, 2, 3, 4], [0, 1, 2, 3, 4], [5], [6], [0, 1, 2, 3, 4], [0, 1, 2, 3, 4], [5], [6], [0, 1, 2, 3, 4], [5], [6], [0, 1, 2, 3, 4], [6], [5], [0, 1, 2, 3, 4], [0, 1, 2, 3, 4], [6], [5], [0, 1, 2, 3, 4], [0, 1, 2, 3, 4], [5], [6], [0, 1, 2, 3, 4], [0, 1, 2, 3, 4], [5], [6], [0, 1, 2, 3, 4], [0, 1, 2, 3, 4], [6], [5], [0, 1, 2, 3, 4], [5], [6], [5], [0, 1, 2, 3, 4], [0, 1, 2, 3, 4]]
14;Lakeshore West;[583020, 1633020, 64020, 1557020_merged_2506048, 2046020, 1060020, 1752070, 2258020_merged_2505875, 1607020_merged_2505790, 941070_merged_2505382, 2026020_merged_2505240, 1671020_merged_2506082, 930020_merged_2505835, 2090020, 1243070, 973020_merged_2505775, 606070, 1366020, 2291010, 1687020_merged_2505620, 1630020, 2049070, 2401010, 1830070, 777020_merged_2505247, 836020_merged_2505255, 2324020, 779020_merged_2505535, 272010_merged_2505377, 1178070, 486010, 1825020, 2275070, 446020_merged_2505607, 1965020, 1900070_merged_2505570, 1940010, 1041020_merged_2505496, 29010, 1004070, 1283020, 881070, 1396010_merged_2505873, 1166020_merged_2505598, 1306070_merged_2506002, 2288020, 1838010, 159070, 2236010_merged_2505141, 1271020_merged_2505583, 392070, 2240010_merged_2505947, 1551020, 2179020_merged_2506080, 1652070, 1589010, 1196070, 1998020, 326010_merged_2505161, 280070, 1597010_merged_2505839, 1562020_merged_2505284, 2438070_merged_2505401, 1546010, 177020, 104020_merged_2505418, 2436070, 1027010, 2253070_merged_2505927, 1096020_merged_2505279, 209010_merged_2505740, 404070, 197010, 402020_merged_2505185, 141070_merged_2505288, 1988010, 2405020_merged_2505338, 542020_merged_2505198, 2206070, 1872010, 2283020_merged_2505687, 1614070_merged_2505366, 1602010, 706070_merged_2506049, 414010, 527020_merged_2505336, 1740010, 956070_merged_2506001, 2385020, 234020_merged_2505469, 893070, 1017010, 591070, 470010, 891020, 325070, 1291010, 692020, 868070_merged_2505347, 366010, 2404020_merged_2505111, 78020_merged_2505446, 103070, 4010_merged_2506065, 2397020, 1485070, 2396010_merged_2505781, 841010, 220070_merged_2505556, 1090020, 2015010, 2351070_merged_2505624, 2105020, 2263010_merged_2505819, 490070, 1835020_merged_2506098, 1237010_merged_2505369, 571070_merged_2505724, 541020_merged_2505551, 2433010, 1115070, 1363010, 291070, 780020, 585020, 1411070, 1760010, 2130070_merged_2505440, 1453010, 2102020_merged_2506026, 1828020_merged_2505171, 669020, 959070, 2243010, 124010_merged_2506069, 243070, 1463020_merged_2505509, 1179020_merged_2505110, 477020, 928020_merged_2505683, 1210070_merged_2505482, 1360010, 953070, 506010, 562020_merged_2505852, 2352020, 1626020_merged_2505881, 2325020, 686010, 2360070_merged_2505717, 1829070, 2032010, 755020, 1070020, 1502020_merged_2506088, 968020_merged_2505638, 1812020_merged_2505910, 1611010, 2096070_merged_2505415, 2262010, 1945020_merged_2505432, 201070_merged_2505987, 2047020, 1475020, 339070, 1725010, 1565010_merged_2505896, 67070, 2434020_merged_2505573, 932020, 1300070, 1859020, 1616070, 1653020_merged_2505959, 690070, 663020_merged_2505223, 1198070, 1755020_merged_2505992];[05:52, 06:13, 06:15, 06:25, 06:43, 06:48, 06:52, 06:55, 06:58, 07:12, 07:13, 07:18, 07:25, 07:28, 07:40, 07:43, 07:43, 07:48, 07:52, 07:55, 07:58, 08:07, 08:12, 08:12, 08:13, 08:18, 08:25, 08:28, 08:40, 08:40, 08:43, 08:43, 08:43, 08:48, 08:58, 09:07, 09:07, 09:10, 09:12, 09:12, 09:18, 09:40, 09:40, 09:43, 09:43, 09:43, 09:43, 10:07, 10:07, 10:10, 10:12, 10:12, 10:13, 10:38, 10:40, 10:40, 10:43, 10:43, 10:43, 11:07, 11:07, 11:10, 11:12, 11:12, 11:13, 11:38, 11:40, 11:40, 11:43, 11:43, 11:43, 12:07, 12:07, 12:10, 12:12, 12:12, 12:13, 12:38, 12:40, 12:40, 12:43, 12:43, 12:43, 13:07, 13:07, 13:10, 13:12, 13:12, 13:13, 13:38, 13:40, 13:40, 13:43, 13:43, 13:43, 14:07, 14:07, 14:10, 14:12, 14:12, 14:13, 14:38, 14:40, 14:40, 14:43, 14:43, 14:43, 15:07, 15:07, 15:10, 15:12, 15:12, 15:13, 15:40, 15:40, 15:43, 15:43, 15:43, 15:45, 16:07, 16:07, 16:12, 16:12, 16:16, 16:22, 16:40, 16:40, 16:43, 16:43, 16:43, 16:46, 16:48, 17:07, 17:07, 17:12, 17:12, 17:13, 17:16, 17:18, 17:22, 17:40, 17:40, 17:43, 17:43, 17:43, 17:46, 17:48, 17:52, 18:07, 18:07, 18:12, 18:12, 18:13, 18:16, 18:18, 18:22, 18:40, 18:40, 18:40, 18:43, 18:43, 18:43, 18:48, 18:52, 19:07, 19:07, 19:12, 19:12, 19:15, 19:22, 19:40, 19:40, 19:43, 19:43, 20:07, 20:08, 20:12, 20:13];[[0, 1, 2, 3, 4], [0, 1, 2, 3, 4], [0, 1, 2, 3, 4], [0, 1, 2, 3, 4], [0, 1, 2, 3, 4], [0, 1, 2, 3, 4], [5], [0, 1, 2, 3, 4], [0, 1, 2, 3, 4], [5], [0, 1, 2, 3, 4], [0, 1, 2, 3, 4], [0, 1, 2, 3, 4], [0, 1, 2, 3, 4], [5], [0, 1, 2, 3, 4], [5], [0, 1, 2, 3, 4], [6], [0, 1, 2, 3, 4], [0, 1, 2, 3, 4], [5], [6], [5], [0, 1, 2, 3, 4], [0, 1, 2, 3, 4], [0, 1, 2, 3, 4], [0, 1, 2, 3, 4], [6], [5], [6], [0, 1, 2, 3, 4], [5], [0, 1, 2, 3, 4], [0, 1, 2, 3, 4], [5], [6], [0, 1, 2, 3, 4], [6], [5], [0, 1, 2, 3, 4], [5], [6], [0, 1, 2, 3, 4], [5], [0, 1, 2, 3, 4], [6], [5], [6], [0, 1, 2, 3, 4], [5], [6], [0, 1, 2, 3, 4], [0, 1, 2, 3, 4], [5], [6], [5], [0, 1, 2, 3, 4], [6], [5], [6], [0, 1, 2, 3, 4], [5], [6], [0, 1, 2, 3, 4], [0, 1, 2, 3, 4], [5], [6], [5], [0, 1, 2, 3, 4], [6], [5], [6], [0, 1, 2, 3, 4], [5], [6], [0, 1, 2, 3, 4], [0, 1, 2, 3, 4], [5], [6], [0, 1, 2, 3, 4], [5], [6], [5], [6], [0, 1, 2, 3, 4], [6], [5], [0, 1, 2, 3, 4], [0, 1, 2, 3, 4], [5], [6], [5], [6], [0, 1, 2, 3, 4], [5], [6], [0, 1, 2, 3, 4], [5], [6], [0, 1, 2, 3, 4], [0, 1, 2, 3, 4], [5], [6], [0, 1, 2, 3, 4], [5], [6], [6], [5], [0, 1, 2, 3, 4], [6], [5], [0, 1, 2, 3, 4], [6], [5], [0, 1, 2, 3, 4], [6], [5], [0, 1, 2, 3, 4], [6], [5], [6], [5], [0, 1, 2, 3, 4], [0, 1, 2, 3, 4], [5], [6], [5], [6], [0, 1, 2, 3, 4], [0, 1, 2, 3, 4], [0, 1, 2, 3, 4], [5], [6], [6], [5], [0, 1, 2, 3, 4], [0, 1, 2, 3, 4], [0, 1, 2, 3, 4], [0, 1, 2, 3, 4], [5], [6], [5], [6], [0, 1, 2, 3, 4], [0, 1, 2, 3, 4], [0, 1, 2, 3, 4], [0, 1, 2, 3, 4], [6], [5], [5], [6], [0, 1, 2, 3, 4], [0, 1, 2, 3, 4], [0, 1, 2, 3, 4], [0, 1, 2, 3, 4], [0, 1, 2, 3, 4], [6], [5], [6], [0, 1, 2, 3, 4], [5], [0, 1, 2, 3, 4], [0, 1, 2, 3, 4], [5], [6], [6], [5], [0, 1, 2, 3, 4], [0, 1, 2, 3, 4], [5], [0, 1, 2, 3, 4], [5], [0, 1, 2, 3, 4], [5], [0, 1, 2, 3, 4], [5], [0, 1, 2, 3, 4]]
19;River Oaks;[266020_merged_2505251, 2064020, 176020_merged_2505610, 1997020_merged_2505151, 180020, 292020, 1054070, 1356020_merged_2505199, 1014020, 1324070_merged_2505267, 303020, 252020, 70010, 2148070_merged_2505836, 618020, 1303020_merged_2505549, 925070, 1064010, 167020_merged_2506018, 2349020, 1471010, 2109070_merged_2505750, 1371020_merged_2506004, 2400020, 1664010, 287070_merged_2505553, 1723020, 1329020_merged_2505340, 1844070, 512010, 722020_merged_2505792, 398020, 629020, 1714010, 1706070, 1018020_merged_2505337, 265020_merged_2505272, 687070, 269010, 1442020_merged_2505668, 866020_merged_2506113, 1281070, 297010, 705020_merged_2505513, 1733020, 142070, 1686010, 164020_merged_2505374, 54020, 1149020_merged_2506061, 1144010, 1507070, 380020, 365020, 5010_merged_2505575, 1715070, 2286020_merged_2505473, 1751020, 2136010_merged_2505443, 1981070, 592020, 1418020_merged_2505585, 1846070_merged_2505125, 2039010_merged_2506010, 2375020_merged_2505911, 765020, 1688020_merged_2505772, 1031070, 295010, 2061020_merged_2505928, 1293020, 1606070, 721010, 1030020, 532020_merged_2505274, 1692010_merged_2505880, 214070, 82020_merged_2505578, 1276020, 1506070_merged_2505312, 568010_merged_2505286, 848020, 723020, 787010, 835070_merged_2505417, 57020_merged_2505929, 1265020, 1995010, 1444070, 1873020, 2194020_merged_2506006, 844070_merged_2505238, 1622010, 396020, 1391020_merged_2505099, 236070, 2254010, 109020_merged_2505915, 84020, 1086070, 434010, 2201020, 2017020_merged_2505665, 1816010, 1311070, 1142020_merged_2505132, 715020, 1492020, 1729070, 458010, 1181020_merged_2505554, 55070, 1148020_merged_2505596, 2226020, 467020_merged_2505200, 2341070, 1186020, 1890020, 1509020, 2457020, 785020, 1021020_merged_2505320, 1246020_merged_2505207, 947020_merged_2505658, 1239020];[05:56, 06:03, 06:10, 06:35, 06:44, 07:03, 07:05, 07:15, 07:33, 07:40, 07:47, 08:04, 08:05, 08:05, 08:17, 08:33, 08:40, 08:40, 08:48, 09:00, 09:05, 09:05, 09:17, 09:30, 09:40, 09:40, 09:44, 09:54, 10:05, 10:05, 10:13, 10:21, 10:37, 10:40, 10:40, 10:50, 11:04, 11:05, 11:05, 11:14, 11:33, 11:40, 11:40, 11:41, 11:57, 12:05, 12:05, 12:10, 12:24, 12:34, 12:40, 12:40, 12:53, 13:01, 13:05, 13:05, 13:13, 13:30, 13:40, 13:40, 13:44, 13:50, 14:05, 14:05, 14:13, 14:21, 14:30, 14:40, 14:40, 14:50, 15:04, 15:05, 15:05, 15:20, 15:35, 15:40, 15:40, 15:47, 16:03, 16:05, 16:05, 16:17, 16:30, 16:40, 16:40, 16:47, 17:00, 17:05, 17:05, 17:14, 17:30, 17:40, 17:40, 17:44, 17:57, 18:05, 18:05, 18:14, 18:27, 18:40, 18:40, 18:41, 18:57, 19:05, 19:05, 19:11, 19:26, 19:38, 19:40, 19:40, 19:54, 20:05, 20:05, 20:21, 20:35, 20:40, 20:48, 21:18, 21:25, 21:55, 22:08, 22:38, 22:45, 23:15, 23:28];[[0, 1, 2, 3, 4], [0, 1, 2, 3, 4], [0, 1, 2, 3, 4], [0, 1, 2, 3, 4], [0, 1, 2, 3, 4], [0, 1, 2, 3, 4], [5], [0, 1, 2, 3, 4], [0, 1, 2, 3, 4], [5], [0, 1, 2, 3, 4], [0, 1, 2, 3, 4], [6], [5], [0, 1, 2, 3, 4], [0, 1, 2, 3, 4], [5], [6], [0, 1, 2, 3, 4], [0, 1, 2, 3, 4], [6], [5], [0, 1, 2, 3, 4], [0, 1, 2, 3, 4], [6], [5], [0, 1, 2, 3, 4], [0, 1, 2, 3, 4], [5], [6], [0, 1, 2, 3, 4], [0, 1, 2, 3, 4], [0, 1, 2, 3, 4], [6], [5], [0, 1, 2, 3, 4], [0, 1, 2, 3, 4], [5], [6], [0, 1, 2, 3, 4], [0, 1, 2, 3, 4], [5], [6], [0, 1, 2, 3, 4], [0, 1, 2, 3, 4], [5], [6], [0, 1, 2, 3, 4], [0, 1, 2, 3, 4], [0, 1, 2, 3, 4], [6], [5], [0, 1, 2, 3, 4], [0, 1, 2, 3, 4], [6], [5], [0, 1, 2, 3, 4], [0, 1, 2, 3, 4], [6], [5], [0, 1, 2, 3, 4], [0, 1, 2, 3, 4], [5], [6], [0, 1, 2, 3, 4], [0, 1, 2, 3, 4], [0, 1, 2, 3, 4], [5], [6], [0, 1, 2, 3, 4], [0, 1, 2, 3, 4], [5], [6], [0, 1, 2, 3, 4], [0, 1, 2, 3, 4], [6], [5], [0, 1, 2, 3, 4], [0, 1, 2, 3, 4], [5], [6], [0, 1, 2, 3, 4], [0, 1, 2, 3, 4], [6], [5], [0, 1, 2, 3, 4], [0, 1, 2, 3, 4], [6], [5], [0, 1, 2, 3, 4], [0, 1, 2, 3, 4], [5], [6], [0, 1, 2, 3, 4], [0, 1, 2, 3, 4], [5], [6], [0, 1, 2, 3, 4], [0, 1, 2, 3, 4], [5], [6], [0, 1, 2, 3, 4], [0, 1, 2, 3, 4], [6], [5], [0, 1, 2, 3, 4], [0, 1, 2, 3, 4], [0, 1, 2, 3, 4], [5], [6], [0, 1, 2, 3, 4], [5], [0, 1, 2, 3, 4], [0, 1, 2, 3, 4], [0, 1, 2, 3, 4], [5], [0, 1, 2, 3, 4], [0, 1, 2, 3, 4], [0, 1, 2, 3, 4], [0, 1, 2, 3, 4], [0, 1, 2, 3, 4], [0, 1, 2, 3, 4], [0, 1, 2, 3, 4], [0, 1, 2, 3, 4], [0, 1, 2, 3, 4]]
18;Glen Abbey South;[223020, 1405020, 2241020_merged_2505119, 1665020, 870070_merged_2505277, 1066020, 1081070, 1088020_merged_2505917, 52020, 134020, 2088010, 783020_merged_2505434, 2350070, 736010, 1449070, 757020_merged_2505812, 1098020_merged_2505996, 2376020, 1247020_merged_2505848, 1753010, 496070_merged_2505628, 1290020, 524010_merged_2506084, 2228070_merged_2505172, 1603020_merged_2505988, 2095020_merged_2506000, 50020_merged_2505731, 627070, 1099010, 2340020_merged_2505883, 499010_merged_2505652, 2458070, 675020, 2231020_merged_2505806, 1853010, 148070, 1869020, 2016070_merged_2505430, 361010_merged_2505150, 924020, 1514020_merged_2505783, 1769020, 383020_merged_2505270, 534010, 2455070_merged_2505222, 238070, 850010, 1218020, 2382020, 1346020, 878010_merged_2505950, 1414070, 355020_merged_2505163, 1298020_merged_2506096, 1748070, 437010, 2441020, 1594020_merged_2505640, 359020_merged_2505167, 544010_merged_2505879, 1620070, 1645020, 769070_merged_2505608, 1061010, 2071020, 1529020_merged_2505505, 909010, 1840020, 207070, 34010, 21020_merged_2505920, 831070, 1532020, 1095020_merged_2505444, 96010_merged_2505642, 2419070, 1682010, 2020070, 2141020_merged_2506097, 1530020_merged_2505778, 129020, 2186020, 149070, 871010, 1384020, 1754070, 165010, 1799020, 1586020, 1296020_merged_2505970, 624070, 889010_merged_2505261, 1226020_merged_2505457, 23070, 324010, 346020_merged_2505588, 872020_merged_2505919, 626020_merged_2505289, 691020_merged_2505326, 1984010, 828070_merged_2505449, 2195010, 58070, 1797020, 1879020, 1705020, 1254020, 2249020, 1897020_merged_2505421];[06:10, 06:15, 06:40, 06:45, 07:10, 07:10, 07:15, 07:15, 07:40, 07:45, 08:10, 08:10, 08:10, 08:15, 08:15, 08:15, 08:40, 08:45, 09:10, 09:10, 09:10, 09:15, 09:15, 09:15, 09:40, 09:45, 10:10, 10:10, 10:10, 10:15, 10:15, 10:15, 10:40, 10:45, 11:10, 11:10, 11:10, 11:15, 11:15, 11:15, 11:40, 11:45, 12:10, 12:10, 12:10, 12:15, 12:15, 12:15, 12:40, 12:45, 13:10, 13:10, 13:10, 13:15, 13:15, 13:15, 13:40, 13:45, 14:10, 14:10, 14:10, 14:15, 14:15, 14:15, 14:40, 14:45, 15:10, 15:10, 15:10, 15:15, 15:15, 15:15, 15:40, 15:45, 16:10, 16:10, 16:15, 16:15, 16:15, 16:16, 16:45, 16:46, 17:10, 17:10, 17:15, 17:15, 17:15, 17:16, 17:45, 17:46, 18:10, 18:10, 18:15, 18:15, 18:15, 18:16, 18:40, 18:45, 19:10, 19:10, 19:10, 19:15, 19:15, 19:15, 19:45, 20:10, 20:15, 21:10, 21:15];[[0, 1, 2, 3, 4], [0, 1, 2, 3, 4], [0, 1, 2, 3, 4], [0, 1, 2, 3, 4], [5], [0, 1, 2, 3, 4], [5], [0, 1, 2, 3, 4], [0, 1, 2, 3, 4], [0, 1, 2, 3, 4], [6], [0, 1, 2, 3, 4], [5], [6], [5], [0, 1, 2, 3, 4], [0, 1, 2, 3, 4], [0, 1, 2, 3, 4], [0, 1, 2, 3, 4], [6], [5], [0, 1, 2, 3, 4], [6], [5], [0, 1, 2, 3, 4], [0, 1, 2, 3, 4], [0, 1, 2, 3, 4], [5], [6], [0, 1, 2, 3, 4], [6], [5], [0, 1, 2, 3, 4], [0, 1, 2, 3, 4], [6], [5], [0, 1, 2, 3, 4], [5], [6], [0, 1, 2, 3, 4], [0, 1, 2, 3, 4], [0, 1, 2, 3, 4], [0, 1, 2, 3, 4], [6], [5], [5], [6], [0, 1, 2, 3, 4], [0, 1, 2, 3, 4], [0, 1, 2, 3, 4], [6], [5], [0, 1, 2, 3, 4], [0, 1, 2, 3, 4], [5], [6], [0, 1, 2, 3, 4], [0, 1, 2, 3, 4], [0, 1, 2, 3, 4], [6], [5], [0, 1, 2, 3, 4], [5], [6], [0, 1, 2, 3, 4], [0, 1, 2, 3, 4], [6], [0, 1, 2, 3, 4], [5], [6], [0, 1, 2, 3, 4], [5], [0, 1, 2, 3, 4], [0, 1, 2, 3, 4], [6], [5], [6], [5], [0, 1, 2, 3, 4], [0, 1, 2, 3, 4], [0, 1, 2, 3, 4], [0, 1, 2, 3, 4], [5], [6], [0, 1, 2, 3, 4], [5], [6], [0, 1, 2, 3, 4], [0, 1, 2, 3, 4], [0, 1, 2, 3, 4], [5], [6], [0, 1, 2, 3, 4], [5], [6], [0, 1, 2, 3, 4], [0, 1, 2, 3, 4], [0, 1, 2, 3, 4], [0, 1, 2, 3, 4], [6], [5], [6], [5], [0, 1, 2, 3, 4], [0, 1, 2, 3, 4], [0, 1, 2, 3, 4], [0, 1, 2, 3, 4], [0, 1, 2, 3, 4], [0, 1, 2, 3, 4]]
37;Glenorchy;[2394020_merged_2505655, 966020_merged_2505802, 456020_merged_2505895, 1528020_merged_2505351, 1533020_merged_2505762, 553070_merged_2506033, 1552020_merged_2505501, 2126070, 438020, 1661020, 1604020, 1427020_merged_2505747, 938070, 1942010, 632020, 2305070, 804010, 999020_merged_2505612, 2422020_merged_2505127, 1541020, 2411020, 44070_merged_2505921, 17010, 923020, 1889070_merged_2505626, 1663010, 2463020, 1422020_merged_2505173, 720020, 497070, 2432010_merged_2505206, 2437020_merged_2505156, 498010, 1082070, 2321020, 1697020_merged_2505470, 302010_merged_2505539, 1264070, 1804070, 1273010, 2197070, 1223010, 1722070, 507010_merged_2505368, 842010, 2103070, 1572010, 734070, 172020_merged_2505945, 2021010_merged_2506114, 920070, 453070, 2435010, 2113020, 2298020_merged_2505120, 37020_merged_2505529, 46010, 2050070, 281070, 2182010_merged_2505676, 1628020_merged_2505321, 352020, 1788020, 286070_merged_2505552, 1353020, 717010_merged_2506054, 2358020, 452070, 521010_merged_2505801, 1580020, 79020_merged_2505260, 2304020_merged_2505395, 1108010, 1029020_merged_2505519, 1143070, 1214010, 288070, 671020_merged_2505483, 657020_merged_2505208, 694020_merged_2505878, 1693020, 1744010_merged_2505229, 1080070, 1868020_merged_2505728, 1488010, 806070, 257020_merged_2505635, 2314020_merged_2505334, 1164020, 1130020, 1302010, 1141070, 198010, 819070, 229020_merged_2505891, 2008020, 1094070_merged_2505475, 1870020, 960070_merged_2505828, 179020_merged_2505815, 2285070, 1774070_merged_2505169];[06:00, 06:15, 06:25, 06:40, 06:50, 07:00, 07:05, 07:13, 07:15, 07:30, 07:40, 07:55, 08:00, 08:00, 08:05, 08:13, 08:13, 08:20, 08:30, 08:45, 08:55, 09:00, 09:00, 09:10, 09:13, 09:13, 09:20, 09:35, 10:00, 10:00, 10:00, 10:13, 10:13, 10:13, 10:40, 10:53, 11:00, 11:00, 11:13, 11:13, 12:00, 12:00, 12:13, 12:13, 13:00, 13:00, 13:13, 13:13, 14:00, 14:00, 14:00, 14:13, 14:13, 14:13, 14:40, 14:53, 15:00, 15:00, 15:13, 15:13, 15:20, 15:35, 15:45, 16:00, 16:00, 16:00, 16:10, 16:13, 16:13, 16:25, 16:35, 16:50, 17:00, 17:00, 17:00, 17:13, 17:13, 17:15, 17:25, 17:40, 17:50, 18:00, 18:00, 18:05, 18:13, 18:13, 18:15, 18:30, 18:40, 18:55, 19:00, 19:00, 19:13, 19:13, 19:20, 19:33, 20:00, 20:00, 20:13, 20:13, 21:00, 21:13];[[0, 1, 2, 3, 4], [0, 1, 2, 3, 4], [0, 1, 2, 3, 4], [0, 1, 2, 3, 4], [0, 1, 2, 3, 4], [5], [0, 1, 2, 3, 4], [5], [0, 1, 2, 3, 4], [0, 1, 2, 3, 4], [0, 1, 2, 3, 4], [0, 1, 2, 3, 4], [5], [6], [0, 1, 2, 3, 4], [5], [6], [0, 1, 2, 3, 4], [0, 1, 2, 3, 4], [0, 1, 2, 3, 4], [0, 1, 2, 3, 4], [5], [6], [0, 1, 2, 3, 4], [5], [6], [0, 1, 2, 3, 4], [0, 1, 2, 3, 4], [0, 1, 2, 3, 4], [5], [6], [0, 1, 2, 3, 4], [6], [5], [0, 1, 2, 3, 4], [0, 1, 2, 3, 4], [6], [5], [5], [6], [5], [6], [5], [6], [6], [5], [6], [5], [0, 1, 2, 3, 4], [6], [5], [5], [6], [0, 1, 2, 3, 4], [0, 1, 2, 3, 4], [0, 1, 2, 3, 4], [6], [5], [5], [6], [0, 1, 2, 3, 4], [0, 1, 2, 3, 4], [0, 1, 2, 3, 4], [5], [0, 1, 2, 3, 4], [6], [0, 1, 2, 3, 4], [5], [6], [0, 1, 2, 3, 4], [0, 1, 2, 3, 4], [0, 1, 2, 3, 4], [6], [0, 1, 2, 3, 4], [5], [6], [5], [0, 1, 2, 3, 4], [0, 1, 2, 3, 4], [0, 1, 2, 3, 4], [0, 1, 2, 3, 4], [6], [5], [0, 1, 2, 3, 4], [6], [5], [0, 1, 2, 3, 4], [0, 1, 2, 3, 4], [0, 1, 2, 3, 4], [0, 1, 2, 3, 4], [6], [5], [6], [5], [0, 1, 2, 3, 4], [0, 1, 2, 3, 4], [5], [0, 1, 2, 3, 4], [5], [0, 1, 2, 3, 4], [5], [5]]
34;Pine Glen;[1575020_merged_2505625, 622020_merged_2505211, 374020, 1200020_merged_2506112, 1576020, 2460020_merged_2506038, 108020_merged_2505299, 1907020, 1876020, 2343020, 1673020, 616020, 1721020, 1316020, 1790020_merged_2505317, 1522020_merged_2505429, 2260020, 213020, 212020_merged_2505225, 2440020_merged_2505128];[07:04, 07:27, 07:35, 08:01, 08:09, 08:31, 16:43, 17:03, 17:05, 17:25, 17:33, 17:55, 18:03, 18:25, 18:33, 18:55, 19:10, 19:32, 19:40, 20:02];[[0, 1, 2, 3, 4], [0, 1, 2, 3, 4], [0, 1, 2, 3, 4], [0, 1, 2, 3, 4], [0, 1, 2, 3, 4], [0, 1, 2, 3, 4], [0, 1, 2, 3, 4], [0, 1, 2, 3, 4], [0, 1, 2, 3, 4], [0, 1, 2, 3, 4], [0, 1, 2, 3, 4], [0, 1, 2, 3, 4], [0, 1, 2, 3, 4], [0, 1, 2, 3, 4], [0, 1, 2, 3, 4], [0, 1, 2, 3, 4], [0, 1, 2, 3, 4], [0, 1, 2, 3, 4], [0, 1, 2, 3, 4], [0, 1, 2, 3, 4]]
