104;Tremont;[2558020, 1133020, 1636020, 606020, 2510020, 2537090, 1493090, 2415020, 1441090, 2589020, 1011020, 1927090, 1704020, 281090, 880070, 880080, 197070, 197080, 2240090, 2285020, 2078020, 2148090, 2281070, 2281080, 1726070, 1726080, 506020, 885090, 1323090, 523020, 667070, 667080, 1625070, 1625080, 415020, 837090, 1358070, 1358080, 2385090, 689020, 1926090, 2104070, 2104080, 665020, 1777090, 1944020, 542070, 542080, 1904070, 1904080, 1964020, 511090, 1005020, 1340070, 1340080, 206090, 1422090, 2307070, 2307080, 920020, 1201090, 1377020, 2369070, 2369080, 1410090, 2055070, 2055080, 2494020, 1332020, 391070, 391080, 468090, 465090, 861070, 861080, 182020, 1594090, 2023070, 2023080, 2259020, 1393070, 1393080, 1986090, 582020, 532020, 377020];[05:32, 05:42, 06:30, 06:40, 07:30, 07:30, 07:40, 07:40, 08:30, 08:30, 08:40, 08:40, 09:30, 09:30, 09:30, 09:30, 09:40, 09:40, 09:40, 09:40, 10:30, 10:30, 10:30, 10:30, 10:40, 10:40, 10:40, 10:40, 11:30, 11:30, 11:30, 11:30, 11:40, 11:40, 11:40, 11:40, 12:30, 12:30, 12:30, 12:30, 12:40, 12:40, 12:40, 12:40, 13:30, 13:30, 13:30, 13:30, 13:40, 13:40, 13:40, 13:40, 14:30, 14:30, 14:30, 14:30, 14:40, 14:40, 14:40, 14:40, 15:30, 15:30, 15:30, 15:30, 15:40, 15:40, 15:40, 15:41, 16:30, 16:30, 16:30, 16:30, 16:40, 16:40, 16:40, 16:41, 17:30, 17:30, 17:30, 17:30, 17:40, 17:40, 17:40, 17:41, 18:30, 18:40];[[0, 1, 2, 3, 4], [0, 1, 2, 3, 4], [0, 1, 2, 3, 4], [0, 1, 2, 3, 4], [0, 1, 2, 3, 4], [0], [0], [0, 1, 2, 3, 4], [0], [0, 1, 2, 3, 4], [0, 1, 2, 3, 4], [0], [0, 1, 2, 3, 4], [0], [5], [5], [5], [5], [0], [0, 1, 2, 3, 4], [0, 1, 2, 3, 4], [0], [5], [5], [5], [5], [0, 1, 2, 3, 4], [0], [0], [0, 1, 2, 3, 4], [5], [5], [5], [5], [0, 1, 2, 3, 4], [0], [5], [5], [0], [0, 1, 2, 3, 4], [0], [5], [5], [0, 1, 2, 3, 4], [0], [0, 1, 2, 3, 4], [5], [5], [5], [5], [0, 1, 2, 3, 4], [0], [0, 1, 2, 3, 4], [5], [5], [0], [0], [5], [5], [0, 1, 2, 3, 4], [0], [0, 1, 2, 3, 4], [5], [5], [0], [5], [5], [0, 1, 2, 3, 4], [0, 1, 2, 3, 4], [5], [5], [0], [0], [5], [5], [0, 1, 2, 3, 4], [0], [5], [5], [0, 1, 2, 3, 4], [5], [5], [0], [0, 1, 2, 3, 4], [0, 1, 2, 3, 4], [0, 1, 2, 3, 4]]
105;Sidney;[1270020, 1957020, 2515020, 1315020, 2598020, 709020, 2405020, 343090, 1130090, 2255020, 1147070, 1147080, 1472020, 1725090, 687070, 687080, 1029090, 1218020, 1505070, 1505080, 1608020, 354090, 597070, 597080, 1345090, 1832020, 1779020, 1818090, 364070, 364080, 1443070, 1443080, 1762020, 44090, 1798020, 2232090, 372070, 372080, 273070, 273080, 2315020, 278090, 1391090, 2361020, 964070, 964080, 1083070, 1083080, 1306090, 2528020, 1880070, 1880080, 2350090, 2368020, 1025070, 1025080, 2360020, 481090, 1772020, 2151070, 2151080, 477090, 2500070, 2500080, 1305020, 937090, 348020, 825070, 825080, 894090, 1455070, 1455080, 1159090, 1805020, 1280090, 2002070, 2002080, 2203020, 1478070, 1478080, 2126090, 2383020, 1457090, 1902070, 1902080, 401020, 1321070, 1321080, 2637090, 986020, 1839020, 1124020];[05:02, 05:12, 06:00, 06:11, 07:00, 07:11, 08:00, 08:00, 08:11, 08:11, 09:00, 09:00, 09:00, 09:00, 09:10, 09:10, 09:11, 09:11, 10:00, 10:00, 10:00, 10:00, 10:10, 10:10, 10:11, 10:11, 11:00, 11:00, 11:00, 11:00, 11:10, 11:10, 11:11, 11:11, 12:00, 12:00, 12:00, 12:00, 12:10, 12:10, 12:11, 12:11, 13:00, 13:00, 13:00, 13:00, 13:10, 13:10, 13:11, 13:11, 14:00, 14:00, 14:00, 14:00, 14:10, 14:10, 14:12, 14:12, 15:00, 15:00, 15:00, 15:00, 15:10, 15:10, 15:12, 15:12, 16:00, 16:00, 16:00, 16:00, 16:10, 16:10, 16:12, 16:12, 17:00, 17:00, 17:00, 17:00, 17:10, 17:10, 17:12, 17:12, 18:00, 18:00, 18:00, 18:00, 18:10, 18:10, 18:11, 18:11, 19:00, 19:10];[[0, 1, 2, 3, 4], [0, 1, 2, 3, 4], [0, 1, 2, 3, 4], [0, 1, 2, 3, 4], [0, 1, 2, 3, 4], [0, 1, 2, 3, 4], [0, 1, 2, 3, 4], [0], [0], [0, 1, 2, 3, 4], [5], [5], [0, 1, 2, 3, 4], [0], [5], [5], [0], [0, 1, 2, 3, 4], [5], [5], [0, 1, 2, 3, 4], [0], [5], [5], [0], [0, 1, 2, 3, 4], [0, 1, 2, 3, 4], [0], [5], [5], [5], [5], [0, 1, 2, 3, 4], [0], [0, 1, 2, 3, 4], [0], [5], [5], [5], [5], [0, 1, 2, 3, 4], [0], [0], [0, 1, 2, 3, 4], [5], [5], [5], [5], [0], [0, 1, 2, 3, 4], [5], [5], [0], [0, 1, 2, 3, 4], [5], [5], [0, 1, 2, 3, 4], [0], [0, 1, 2, 3, 4], [5], [5], [0], [5], [5], [0, 1, 2, 3, 4], [0], [0, 1, 2, 3, 4], [5], [5], [0], [5], [5], [0], [0, 1, 2, 3, 4], [0], [5], [5], [0, 1, 2, 3, 4], [5], [5], [0], [0, 1, 2, 3, 4], [0], [5], [5], [0, 1, 2, 3, 4], [5], [5], [0], [0, 1, 2, 3, 4], [0, 1, 2, 3, 4], [0, 1, 2, 3, 4]]
108;Bethel;[1121020, 2630020, 2431020, 1619020, 816020, 309020, 1338020, 2329020, 1588020, 785020, 1769020, 90090, 1388090, 1775020, 1046090, 2129020, 792010, 2529010, 839090, 943020, 1437010, 1947020, 849090, 1200010, 1646020, 2294090, 1010020, 2000090, 2020010, 756070, 756080, 2153070, 2153080, 1062090, 1879010, 207020, 1209090, 2280070, 2280080, 2289020, 836010, 684070, 684080, 1215020, 19090, 247010, 2176070, 2176080, 2526020, 505010, 519090, 1309020, 2581090, 1899070, 1899080, 365010, 163010, 1651020, 697070, 697080, 95090, 2237020, 868090, 2301010, 758070, 758080, 1943020, 195010, 228090, 2337070, 2337080, 2096090, 297020, 1268010, 2521070, 2521080, 1510070, 1510080, 2567020, 686090, 989010, 2038020, 862090, 1868070, 1868080, 600010, 1043010, 1170070, 1170080, 1627090, 406020, 424020, 813090, 1152070, 1152080, 2616010, 2144070, 2144080, 516090, 605020, 759010, 1193020, 1661090, 1308070, 1308080, 1736010, 113090, 209020, 2122010, 2561070, 2561080, 1698090, 274020, 1833070, 1833080, 931010, 1035070, 1035080, 179010, 363090, 939020, 1531090, 957020, 1052070, 1052080, 141010, 1161070, 1161080, 1189020, 394090, 916010, 1607090, 397020, 1247010, 1854070, 1854080, 1679020, 1884010, 2198070, 2198080, 2456090, 1919020, 907090, 2006010, 682070, 682080, 1434090, 42010, 753020, 821070, 821080, 1876090, 384020, 1205070, 1205080, 2380010, 144090, 1686020, 1727070, 1727080, 2007010, 1091090, 1503070, 1503080, 2379020, 322010, 1311070, 1311080, 1767020, 2216010, 2587090, 138070, 138080, 1712090, 566010, 917020, 1387090, 2080070, 2080080, 2202020, 1212020, 32070, 32080, 379090, 1149070, 1149080, 1389090, 518020, 102070, 102080, 409020, 425090, 1023020, 1367090, 2433070, 2433080, 1693070, 1693080, 1922090, 2211020, 1952090, 550070, 550080, 846020, 1853070, 1853080, 256020, 570090, 1476020, 240020, 1304020, 1067020, 18020, 1111020, 2297020, 873020];[05:02, 05:12, 05:32, 05:42, 06:00, 06:10, 06:30, 06:40, 07:00, 07:10, 07:30, 07:30, 07:41, 07:41, 08:00, 08:00, 08:00, 08:11, 08:11, 08:11, 08:30, 08:30, 08:30, 08:41, 08:41, 08:41, 09:00, 09:00, 09:00, 09:00, 09:00, 09:10, 09:10, 09:11, 09:11, 09:11, 09:30, 09:30, 09:30, 09:30, 09:30, 09:40, 09:40, 09:41, 09:41, 09:41, 10:00, 10:00, 10:00, 10:00, 10:00, 10:11, 10:11, 10:12, 10:12, 10:12, 10:30, 10:30, 10:30, 10:30, 10:30, 10:41, 10:41, 10:42, 10:42, 10:42, 11:00, 11:00, 11:00, 11:00, 11:00, 11:11, 11:11, 11:12, 11:12, 11:12, 11:30, 11:30, 11:30, 11:30, 11:30, 11:41, 11:41, 11:42, 11:42, 11:42, 12:00, 12:00, 12:00, 12:00, 12:00, 12:11, 12:11, 12:12, 12:12, 12:12, 12:30, 12:30, 12:30, 12:30, 12:30, 12:41, 12:41, 12:42, 12:42, 12:42, 13:00, 13:00, 13:00, 13:00, 13:00, 13:11, 13:11, 13:12, 13:12, 13:12, 13:30, 13:30, 13:30, 13:30, 13:30, 13:41, 13:41, 13:42, 13:42, 13:42, 14:00, 14:00, 14:00, 14:00, 14:00, 14:11, 14:11, 14:12, 14:12, 14:12, 14:30, 14:30, 14:30, 14:30, 14:30, 14:41, 14:41, 14:42, 14:42, 14:42, 15:00, 15:00, 15:00, 15:00, 15:00, 15:11, 15:11, 15:12, 15:12, 15:12, 15:30, 15:30, 15:30, 15:30, 15:30, 15:42, 15:42, 15:42, 15:42, 15:42, 16:00, 16:00, 16:00, 16:00, 16:00, 16:12, 16:12, 16:12, 16:12, 16:12, 16:30, 16:30, 16:30, 16:30, 16:42, 16:42, 16:42, 16:42, 17:00, 17:00, 17:00, 17:00, 17:12, 17:12, 17:12, 17:12, 17:30, 17:30, 17:30, 17:30, 17:40, 17:40, 17:42, 17:42, 18:00, 18:00, 18:00, 18:00, 18:10, 18:10, 18:12, 18:12, 18:30, 18:41, 19:00, 19:11, 19:30, 19:40, 20:30, 20:40];[[0, 1, 2, 3, 4], [0, 1, 2, 3, 4], [0, 1, 2, 3, 4], [0, 1, 2, 3, 4], [0, 1, 2, 3, 4], [0, 1, 2, 3, 4], [0, 1, 2, 3, 4], [0, 1, 2, 3, 4], [0, 1, 2, 3, 4], [0, 1, 2, 3, 4], [0, 1, 2, 3, 4], [0], [0], [0, 1, 2, 3, 4], [0], [0, 1, 2, 3, 4], [6], [6], [0], [0, 1, 2, 3, 4], [6], [0, 1, 2, 3, 4], [0], [6], [0, 1, 2, 3, 4], [0], [0, 1, 2, 3, 4], [0], [6], [5], [5], [5], [5], [0], [6], [0, 1, 2, 3, 4], [0], [5], [5], [0, 1, 2, 3, 4], [6], [5], [5], [0, 1, 2, 3, 4], [0], [6], [5], [5], [0, 1, 2, 3, 4], [6], [0], [0, 1, 2, 3, 4], [0], [5], [5], [6], [6], [0, 1, 2, 3, 4], [5], [5], [0], [0, 1, 2, 3, 4], [0], [6], [5], [5], [0, 1, 2, 3, 4], [6], [0], [5], [5], [0], [0, 1, 2, 3, 4], [6], [5], [5], [5], [5], [0, 1, 2, 3, 4], [0], [6], [0, 1, 2, 3, 4], [0], [5], [5], [6], [6], [5], [5], [0], [0, 1, 2, 3, 4], [0, 1, 2, 3, 4], [0], [5], [5], [6], [5], [5], [0], [0, 1, 2, 3, 4], [6], [0, 1, 2, 3, 4], [0], [5], [5], [6], [0], [0, 1, 2, 3, 4], [6], [5], [5], [0], [0, 1, 2, 3, 4], [5], [5], [6], [5], [5], [6], [0], [0, 1, 2, 3, 4], [0], [0, 1, 2, 3, 4], [5], [5], [6], [5], [5], [0, 1, 2, 3, 4], [0], [6], [0], [0, 1, 2, 3, 4], [6], [5], [5], [0, 1, 2, 3, 4], [6], [5], [5], [0], [0, 1, 2, 3, 4], [0], [6], [5], [5], [0], [6], [0, 1, 2, 3, 4], [5], [5], [0], [0, 1, 2, 3, 4], [5], [5], [6], [0], [0, 1, 2, 3, 4], [5], [5], [6], [0], [5], [5], [0, 1, 2, 3, 4], [6], [5], [5], [0, 1, 2, 3, 4], [6], [0], [5], [5], [0], [6], [0, 1, 2, 3, 4], [0], [5], [5], [0, 1, 2, 3, 4], [0, 1, 2, 3, 4], [5], [5], [0], [5], [5], [0], [0, 1, 2, 3, 4], [5], [5], [0, 1, 2, 3, 4], [0], [0, 1, 2, 3, 4], [0], [5], [5], [5], [5], [0], [0, 1, 2, 3, 4], [0], [5], [5], [0, 1, 2, 3, 4], [5], [5], [0, 1, 2, 3, 4], [0], [0, 1, 2, 3, 4], [0, 1, 2, 3, 4], [0, 1, 2, 3, 4], [0, 1, 2, 3, 4], [0, 1, 2, 3, 4], [0, 1, 2, 3, 4], [0, 1, 2, 3, 4], [0, 1, 2, 3, 4]]
109;East Port Orchard;[1119020, 2551020, 43090, 1439020, 573090, 2181090, 748020, 2061090, 66020, 2173070, 2173080, 263020, 94090, 717070, 717080, 1474020, 359090, 1984090, 2003020, 250070, 250080, 1031020, 40070, 40080, 767090, 1678090, 1688070, 1688080, 609020, 1054090, 1814070, 1814080, 2491020, 2235020, 370090, 652070, 652080, 1293070, 1293080, 1724090, 439020, 189020, 2347070, 2347080, 638090, 1643020, 2310070, 2310080, 418090, 121020, 1230090, 890070, 890080, 2119090, 471020, 64070, 64080, 1328020, 447090, 933070, 933080, 1008090, 257020, 970070, 970080, 140070, 140080, 2264020, 938090, 1348020, 1976070, 1976080, 584090, 1932090, 1994020, 245070, 245080, 1115070, 1115080, 1935090, 433020, 1598020, 1785020, 251020, 2277020];[06:55, 07:30, 07:30, 07:50, 07:50, 08:30, 08:30, 08:50, 08:50, 09:30, 09:30, 09:30, 09:30, 09:48, 09:48, 09:50, 09:50, 10:30, 10:30, 10:30, 10:30, 10:50, 10:50, 10:50, 10:50, 11:30, 11:30, 11:30, 11:30, 11:50, 11:50, 11:50, 11:50, 12:30, 12:30, 12:30, 12:30, 12:50, 12:50, 12:50, 12:50, 13:30, 13:30, 13:30, 13:30, 13:50, 13:50, 13:50, 13:50, 14:30, 14:30, 14:30, 14:30, 14:50, 14:50, 14:50, 14:50, 15:30, 15:30, 15:30, 15:30, 15:50, 15:50, 15:50, 15:50, 16:30, 16:30, 16:30, 16:30, 16:50, 16:50, 16:50, 16:50, 17:30, 17:30, 17:30, 17:30, 17:48, 17:48, 17:50, 17:50, 18:30, 18:50, 19:30, 19:49];[[0, 1, 2, 3, 4], [0, 1, 2, 3, 4], [0], [0, 1, 2, 3, 4], [0], [0], [0, 1, 2, 3, 4], [0], [0, 1, 2, 3, 4], [5], [5], [0, 1, 2, 3, 4], [0], [5], [5], [0, 1, 2, 3, 4], [0], [0], [0, 1, 2, 3, 4], [5], [5], [0, 1, 2, 3, 4], [5], [5], [0], [0], [5], [5], [0, 1, 2, 3, 4], [0], [5], [5], [0, 1, 2, 3, 4], [0, 1, 2, 3, 4], [0], [5], [5], [5], [5], [0], [0, 1, 2, 3, 4], [0, 1, 2, 3, 4], [5], [5], [0], [0, 1, 2, 3, 4], [5], [5], [0], [0, 1, 2, 3, 4], [0], [5], [5], [0], [0, 1, 2, 3, 4], [5], [5], [0, 1, 2, 3, 4], [0], [5], [5], [0], [0, 1, 2, 3, 4], [5], [5], [5], [5], [0, 1, 2, 3, 4], [0], [0, 1, 2, 3, 4], [5], [5], [0], [0], [0, 1, 2, 3, 4], [5], [5], [5], [5], [0], [0, 1, 2, 3, 4], [0, 1, 2, 3, 4], [0, 1, 2, 3, 4], [0, 1, 2, 3, 4], [0, 1, 2, 3, 4]]
119;Madrona;[601020, 2284020, 1734020, 2349020, 2324020, 312020];[05:15, 05:45, 06:15, 15:47, 16:17, 16:50];[[0, 1, 2, 3, 4], [0, 1, 2, 3, 4], [0, 1, 2, 3, 4], [0, 1, 2, 3, 4], [0, 1, 2, 3, 4], [0, 1, 2, 3, 4]]
181;Annapolis;[148020, 630020, 2192020, 214020, 1683020, 1027020, 1365020, 2263020, 1445020, 1993020, 854020, 1287020, 1893020, 1276020, 1930020, 2493020, 216020, 1233020, 1592020, 1846020];[05:05, 05:20, 05:35, 05:50, 06:05, 06:20, 06:35, 06:50, 07:05, 15:02, 15:17, 15:32, 15:47, 16:02, 16:17, 16:35, 16:50, 17:05, 17:27, 17:44];[[0, 1, 2, 3, 4], [0, 1, 2, 3, 4], [0, 1, 2, 3, 4], [0, 1, 2, 3, 4], [0, 1, 2, 3, 4], [0, 1, 2, 3, 4], [0, 1, 2, 3, 4], [0, 1, 2, 3, 4], [0, 1, 2, 3, 4], [0, 1, 2, 3, 4], [0, 1, 2, 3, 4], [0, 1, 2, 3, 4], [0, 1, 2, 3, 4], [0, 1, 2, 3, 4], [0, 1, 2, 3, 4], [0, 1, 2, 3, 4], [0, 1, 2, 3, 4], [0, 1, 2, 3, 4], [0, 1, 2, 3, 4], [0, 1, 2, 3, 4]]
184;Harper Shuttle;[711020, 760020, 1086020, 1471020, 106020, 1946020, 1773020, 1481020, 1356020, 198020, 625020, 2065020, 356020, 1633020, 1298020, 1680020, 1390020, 1018020, 2195020, 1755020, 1764020, 67020, 167020];[06:05, 06:10, 06:28, 06:33, 07:20, 07:24, 08:08, 08:15, 08:22, 08:26, 15:50, 15:53, 16:14, 16:17, 16:28, 16:31, 16:40, 16:43, 17:17, 17:20, 17:43, 18:23, 18:26];[[0, 1, 2, 3, 4], [0, 1, 2, 3, 4], [0, 1, 2, 3, 4], [0, 1, 2, 3, 4], [0, 1, 2, 3, 4], [0, 1, 2, 3, 4], [0, 1, 2, 3, 4], [0, 1, 2, 3, 4], [0, 1, 2, 3, 4], [0, 1, 2, 3, 4], [0, 1, 2, 3, 4], [0, 1, 2, 3, 4], [0, 1, 2, 3, 4], [0, 1, 2, 3, 4], [0, 1, 2, 3, 4], [0, 1, 2, 3, 4], [0, 1, 2, 3, 4], [0, 1, 2, 3, 4], [0, 1, 2, 3, 4], [0, 1, 2, 3, 4], [0, 1, 2, 3, 4], [0, 1, 2, 3, 4], [0, 1, 2, 3, 4]]
185;Mullenix;[863020, 1580020, 272020, 1400020, 1362020, 151020, 2100020, 1462020, 2311020, 261020, 1363020, 1216020, 2161020, 1859020, 972020, 2428020, 2132020, 2155020, 1157020];[04:37, 05:00, 05:21, 05:46, 05:54, 06:11, 06:42, 07:02, 07:44, 08:03, 15:18, 15:35, 16:28, 16:45, 17:43, 18:00, 18:48, 19:05, 19:41];[[0, 1, 2, 3, 4], [0, 1, 2, 3, 4], [0, 1, 2, 3, 4], [0, 1, 2, 3, 4], [0, 1, 2, 3, 4], [0, 1, 2, 3, 4], [0, 1, 2, 3, 4], [0, 1, 2, 3, 4], [0, 1, 2, 3, 4], [0, 1, 2, 3, 4], [0, 1, 2, 3, 4], [0, 1, 2, 3, 4], [0, 1, 2, 3, 4], [0, 1, 2, 3, 4], [0, 1, 2, 3, 4], [0, 1, 2, 3, 4], [0, 1, 2, 3, 4], [0, 1, 2, 3, 4], [0, 1, 2, 3, 4]]
186;Southworth;[2098020, 978020, 1412020, 213090, 650020, 2158090, 2511020, 1497020, 1973020, 1357090, 944020, 2213090, 870020, 1690020, 185090, 208020, 2123090, 1931080, 2590020, 828080, 1331020, 150080, 1770080, 1543080, 2634020, 417080, 2550020, 851080, 162080, 963020, 1490020, 2457020, 373080, 1864090, 1996020, 607080, 1869020, 1774090, 1860080, 2214090, 908020, 2321080, 2545020, 1260080, 819090, 2223020, 107090, 2238080, 1186020, 1053020, 580080, 1635090, 2504020, 1747090, 949080, 2348090, 831020, 1743080, 1448020, 882080, 901090, 2292020];[04:35, 04:50, 05:00, 05:40, 05:40, 06:16, 06:16, 06:55, 06:55, 07:00, 07:30, 07:33, 07:40, 08:00, 08:05, 08:31, 08:43, 09:05, 09:20, 09:32, 10:12, 10:30, 11:03, 12:00, 12:30, 12:32, 13:00, 13:16, 13:48, 14:00, 14:30, 14:30, 14:30, 15:00, 15:00, 15:03, 15:18, 15:28, 15:30, 16:00, 16:00, 16:08, 16:28, 16:36, 16:38, 17:00, 17:05, 17:18, 17:30, 17:43, 17:45, 17:48, 18:00, 18:15, 18:23, 18:48, 18:48, 19:10, 19:30, 19:43, 19:48, 19:55];[[0, 1, 2, 3, 4], [0, 1, 2, 3, 4], [0, 1, 2, 3, 4], [0], [0, 1, 2, 3, 4], [0], [0, 1, 2, 3, 4], [0, 1, 2, 3, 4], [0, 1, 2, 3, 4], [0], [0, 1, 2, 3, 4], [0], [0, 1, 2, 3, 4], [0, 1, 2, 3, 4], [0], [0, 1, 2, 3, 4], [0], [5], [0, 1, 2, 3, 4], [5], [0, 1, 2, 3, 4], [5], [5], [5], [0, 1, 2, 3, 4], [5], [0, 1, 2, 3, 4], [5], [5], [0, 1, 2, 3, 4], [0, 1, 2, 3, 4], [0, 1, 2, 3, 4], [5], [0], [0, 1, 2, 3, 4], [5], [0, 1, 2, 3, 4], [0], [5], [0], [0, 1, 2, 3, 4], [5], [0, 1, 2, 3, 4], [5], [0], [0, 1, 2, 3, 4], [0], [5], [0, 1, 2, 3, 4], [0, 1, 2, 3, 4], [5], [0], [0, 1, 2, 3, 4], [0], [5], [0], [0, 1, 2, 3, 4], [5], [0, 1, 2, 3, 4], [5], [0], [0, 1, 2, 3, 4]]
212;Bremerton-Silverdale West;[2438020, 1925020, 1033020, 2108020, 1914020, 955020, 1486020, 37020, 1687020, 1523020, 1816020, 86020, 2432020, 1634090, 2244070, 2244080, 255020, 1675090, 2095020, 62070, 62080, 1259070, 1259080, 1381090, 994020, 1485070, 1485080, 1797020, 1945090, 2164090, 422020, 543070, 543080, 1364020, 649070, 649080, 874090, 1176020, 2169090, 2183070, 2183080, 2424020, 883070, 883080, 919090, 1009020, 1154090, 429070, 429080, 1255090, 1415070, 1415080, 2447020, 1650020, 2540090, 914070, 914080, 2186070, 2186080, 5090, 895020, 1759020, 1837090, 673070, 673080, 130070, 130080, 1431090, 2549020, 1600090, 2004070, 2004080, 783020, 1778070, 1778080, 2030020, 2249090, 1022070, 1022080, 1089020, 1896090, 2206090, 614020, 624070, 624080, 1974090, 952070, 952080, 96020, 2217070, 2217080, 362090, 562020, 2553070, 2553080, 388020, 732090, 227020, 279090, 403070, 403080, 1695090, 1924020, 757070, 757080, 1644070, 1644080, 2411090, 632020, 2043020, 414070, 414080, 807090, 2068090, 2603020, 945070, 945080, 1069020, 1782070, 1782080, 728090, 178070, 178080, 2421090, 2586020, 1141070, 1141080, 680020, 775090, 1829070, 1829080, 2519090, 503020, 299090, 440020, 548070, 548080, 2034020, 2409070, 2409080, 451090, 1134090, 1599020, 2437070, 2437080, 1171090, 1559020, 864070, 864080, 1569020, 1674090, 2487070, 2487080, 1258070, 1258080, 1567090, 581020, 1295090, 1502070, 1502080, 560020, 1070, 1080, 2499090, 383020, 1246020, 1766090, 1951070, 1951080, 1841070, 1841080, 332090, 58020, 14070, 14080, 2585020, 674090, 1610020, 1949090, 814070, 814080, 1320090, 2309020, 877070, 877080, 1281020, 2436090, 1016070, 1016080, 534020, 1504020, 1701020, 962020, 2134020, 124020, 1169020, 1703020, 929020, 799020];[04:35, 05:00, 05:15, 05:30, 05:45, 06:00, 06:15, 06:30, 06:45, 07:00, 07:15, 07:30, 07:45, 08:00, 08:00, 08:00, 08:00, 08:15, 08:15, 08:15, 08:15, 08:30, 08:30, 08:30, 08:30, 08:45, 08:45, 08:45, 08:45, 09:00, 09:00, 09:00, 09:00, 09:15, 09:15, 09:15, 09:15, 09:30, 09:30, 09:30, 09:30, 09:45, 09:45, 09:45, 09:45, 10:00, 10:00, 10:00, 10:00, 10:15, 10:15, 10:15, 10:15, 10:30, 10:30, 10:30, 10:30, 10:45, 10:45, 10:45, 10:45, 11:00, 11:00, 11:00, 11:00, 11:15, 11:15, 11:15, 11:15, 11:30, 11:30, 11:30, 11:30, 11:45, 11:45, 11:45, 11:45, 12:00, 12:00, 12:00, 12:00, 12:15, 12:15, 12:15, 12:15, 12:30, 12:30, 12:30, 12:30, 12:45, 12:45, 12:45, 12:45, 13:00, 13:00, 13:00, 13:00, 13:15, 13:15, 13:15, 13:15, 13:30, 13:30, 13:30, 13:30, 13:45, 13:45, 13:45, 13:45, 14:00, 14:00, 14:00, 14:00, 14:15, 14:15, 14:15, 14:15, 14:30, 14:30, 14:30, 14:30, 14:45, 14:45, 14:45, 14:45, 15:00, 15:00, 15:00, 15:00, 15:15, 15:15, 15:15, 15:15, 15:30, 15:30, 15:30, 15:30, 15:45, 15:45, 15:45, 15:45, 16:00, 16:00, 16:00, 16:00, 16:15, 16:15, 16:15, 16:15, 16:30, 16:30, 16:30, 16:30, 16:45, 16:45, 16:45, 16:45, 17:00, 17:00, 17:00, 17:00, 17:15, 17:15, 17:15, 17:15, 17:30, 17:30, 17:30, 17:30, 17:45, 17:45, 17:45, 17:45, 18:00, 18:00, 18:00, 18:00, 18:15, 18:15, 18:15, 18:15, 18:30, 18:30, 18:30, 18:30, 18:45, 18:45, 19:00, 19:00, 19:00, 19:15, 19:30, 19:45, 20:00, 20:20, 20:30, 21:00, 21:05, 21:40];[[0, 1, 2, 3, 4], [0, 1, 2, 3, 4], [0, 1, 2, 3, 4], [0, 1, 2, 3, 4], [0, 1, 2, 3, 4], [0, 1, 2, 3, 4], [0, 1, 2, 3, 4], [0, 1, 2, 3, 4], [0, 1, 2, 3, 4], [0, 1, 2, 3, 4], [0, 1, 2, 3, 4], [0, 1, 2, 3, 4], [0, 1, 2, 3, 4], [0], [5], [5], [0, 1, 2, 3, 4], [0], [0, 1, 2, 3, 4], [5], [5], [5], [5], [0], [0, 1, 2, 3, 4], [5], [5], [0, 1, 2, 3, 4], [0], [0], [0, 1, 2, 3, 4], [5], [5], [0, 1, 2, 3, 4], [5], [5], [0], [0, 1, 2, 3, 4], [0], [5], [5], [0, 1, 2, 3, 4], [5], [5], [0], [0, 1, 2, 3, 4], [0], [5], [5], [0], [5], [5], [0, 1, 2, 3, 4], [0, 1, 2, 3, 4], [0], [5], [5], [5], [5], [0], [0, 1, 2, 3, 4], [0, 1, 2, 3, 4], [0], [5], [5], [5], [5], [0], [0, 1, 2, 3, 4], [0], [5], [5], [0, 1, 2, 3, 4], [5], [5], [0, 1, 2, 3, 4], [0], [5], [5], [0, 1, 2, 3, 4], [0], [0], [0, 1, 2, 3, 4], [5], [5], [0], [5], [5], [0, 1, 2, 3, 4], [5], [5], [0], [0, 1, 2, 3, 4], [5], [5], [0, 1, 2, 3, 4], [0], [0, 1, 2, 3, 4], [0], [5], [5], [0], [0, 1, 2, 3, 4], [5], [5], [5], [5], [0], [0, 1, 2, 3, 4], [0, 1, 2, 3, 4], [5], [5], [0], [0], [0, 1, 2, 3, 4], [5], [5], [0, 1, 2, 3, 4], [5], [5], [0], [5], [5], [0], [0, 1, 2, 3, 4], [5], [5], [0, 1, 2, 3, 4], [0], [5], [5], [0], [0, 1, 2, 3, 4], [0], [0, 1, 2, 3, 4], [5], [5], [0, 1, 2, 3, 4], [5], [5], [0], [0], [0, 1, 2, 3, 4], [5], [5], [0], [0, 1, 2, 3, 4], [5], [5], [0, 1, 2, 3, 4], [0], [5], [5], [5], [5], [0], [0, 1, 2, 3, 4], [0], [5], [5], [0, 1, 2, 3, 4], [5], [5], [0], [0, 1, 2, 3, 4], [0, 1, 2, 3, 4], [0], [5], [5], [5], [5], [0], [0, 1, 2, 3, 4], [5], [5], [0, 1, 2, 3, 4], [0], [0, 1, 2, 3, 4], [0], [5], [5], [0], [0, 1, 2, 3, 4], [5], [5], [0, 1, 2, 3, 4], [0], [5], [5], [0, 1, 2, 3, 4], [0, 1, 2, 3, 4], [0, 1, 2, 3, 4], [0, 1, 2, 3, 4], [0, 1, 2, 3, 4], [0, 1, 2, 3, 4], [0, 1, 2, 3, 4], [0, 1, 2, 3, 4], [0, 1, 2, 3, 4], [0, 1, 2, 3, 4]]
215;McWilliams;[2172020, 1183020, 2257020, 2557020, 738020, 1458020, 1968020, 659020, 773020, 540020, 2535020, 92020, 1044020, 360020, 491020, 1380020, 1302020, 2563020, 1082020, 1080020, 589020, 432020, 2455020, 46020, 2413020, 648020, 1165020, 2210020];[04:11, 04:58, 05:38, 05:47, 06:00, 06:18, 06:24, 06:40, 06:42, 06:58, 07:20, 07:38, 14:35, 14:54, 15:05, 15:28, 16:05, 16:28, 16:30, 16:52, 17:05, 17:24, 17:25, 17:43, 17:45, 18:05, 18:20, 18:35];[[0, 1, 2, 3, 4], [0, 1, 2, 3, 4], [0, 1, 2, 3, 4], [0, 1, 2, 3, 4], [0, 1, 2, 3, 4], [0, 1, 2, 3, 4], [0, 1, 2, 3, 4], [0, 1, 2, 3, 4], [0, 1, 2, 3, 4], [0, 1, 2, 3, 4], [0, 1, 2, 3, 4], [0, 1, 2, 3, 4], [0, 1, 2, 3, 4], [0, 1, 2, 3, 4], [0, 1, 2, 3, 4], [0, 1, 2, 3, 4], [0, 1, 2, 3, 4], [0, 1, 2, 3, 4], [0, 1, 2, 3, 4], [0, 1, 2, 3, 4], [0, 1, 2, 3, 4], [0, 1, 2, 3, 4], [0, 1, 2, 3, 4], [0, 1, 2, 3, 4], [0, 1, 2, 3, 4], [0, 1, 2, 3, 4], [0, 1, 2, 3, 4], [0, 1, 2, 3, 4]]
217;Bremerton-Silverdale East;[2041020, 644020, 75020, 2130020, 1351020, 1359020, 489020, 791020, 704020, 2262020, 2060020, 1595020, 1122020, 1249090, 2430070, 2430080, 1208010, 2495090, 2614020, 794070, 794080, 1135020, 2081090, 2602070, 2602080, 727010, 1430010, 1642020, 2227090, 737070, 737080, 1232010, 1240020, 2207090, 2364070, 2364080, 1243010, 1495070, 1495080, 1576020, 1970090, 1605020, 2094010, 232090, 712070, 712080, 1303090, 2296010, 488020, 713070, 713080, 1603010, 2219020, 2440070, 2440080, 747090, 1001010, 1563070, 1563080, 1615090, 1985020, 1063090, 1424070, 1424080, 1672020, 2353010, 1329010, 386070, 386080, 50020, 789090, 1368070, 1368080, 1577090, 1620020, 1917010, 128090, 1456010, 199070, 199080, 539020, 1203010, 1677090, 444020, 460070, 460080, 1921070, 1921080, 2121020, 2270010, 2419090, 1649010, 1856020, 2352090, 572070, 572080, 1342070, 1342080, 2332090, 2443020, 690010, 1013010, 1068090, 1336070, 1336080, 1524020, 1286090, 1906020, 1942010, 2283070, 2283080, 1378070, 1378080, 149090, 1941010, 722020, 1093010, 1852090, 2340070, 2340080, 2392020, 1160090, 131070, 131080, 200010, 2230020, 1402090, 2542010, 724070, 724080, 918020, 1586090, 1611020, 466010, 843070, 843080, 277020, 347070, 347080, 875090, 961010, 1128020, 1408010, 2089090, 399070, 399080, 1110020, 1593070, 1593080, 1838090, 878010, 1517090, 1808010, 677020, 997070, 997080, 1073020, 1768090, 405010, 612070, 612080, 1568090, 2312070, 2312080, 2322020, 434010, 1572070, 1572080, 1745090, 48010, 531020, 1131020, 1552090, 2619070, 2619080, 1606010, 1783090, 369010, 537020, 91070, 91080, 1142070, 1142080, 1544090, 693020, 1895090, 330020, 390070, 390080, 1939070, 1939080, 888090, 988020, 2174070, 2174080, 2453020, 527090, 1292090, 1376020, 1394070, 1394080, 1532070, 1532080, 1739090, 89020, 236070, 236080, 2502090, 661020, 1789070, 1789080, 220090, 56020, 2070070, 2070080, 2254020, 2402090, 2147070, 2147080, 326090, 368020, 2021090, 2591020, 1076020, 1156070, 1156080, 965020, 31020, 2623020, 275020, 592020, 1645020, 805020, 621020, 1428020];[04:40, 05:10, 05:15, 05:35, 05:45, 06:05, 06:15, 06:35, 06:45, 07:05, 07:15, 07:35, 07:45, 07:45, 07:45, 07:45, 08:05, 08:05, 08:05, 08:05, 08:05, 08:15, 08:15, 08:15, 08:15, 08:15, 08:35, 08:35, 08:35, 08:35, 08:35, 08:45, 08:45, 08:45, 08:45, 08:45, 09:05, 09:05, 09:05, 09:05, 09:05, 09:15, 09:15, 09:15, 09:15, 09:15, 09:35, 09:35, 09:35, 09:35, 09:35, 09:45, 09:45, 09:45, 09:45, 09:45, 10:05, 10:05, 10:05, 10:05, 10:05, 10:15, 10:15, 10:15, 10:15, 10:15, 10:35, 10:35, 10:35, 10:35, 10:35, 10:45, 10:45, 10:45, 10:45, 10:45, 11:05, 11:05, 11:05, 11:05, 11:05, 11:15, 11:15, 11:15, 11:15, 11:15, 11:35, 11:35, 11:35, 11:35, 11:35, 11:45, 11:45, 11:45, 11:45, 11:45, 12:05, 12:05, 12:05, 12:05, 12:05, 12:15, 12:15, 12:15, 12:15, 12:15, 12:35, 12:35, 12:35, 12:35, 12:35, 12:45, 12:45, 12:45, 12:45, 12:45, 13:05, 13:05, 13:05, 13:05, 13:05, 13:15, 13:15, 13:15, 13:15, 13:15, 13:35, 13:35, 13:35, 13:35, 13:35, 13:45, 13:45, 13:45, 13:45, 13:45, 14:05, 14:05, 14:05, 14:05, 14:05, 14:15, 14:15, 14:15, 14:15, 14:15, 14:35, 14:35, 14:35, 14:35, 14:35, 14:45, 14:45, 14:45, 14:45, 14:45, 15:05, 15:05, 15:05, 15:05, 15:05, 15:15, 15:15, 15:15, 15:15, 15:15, 15:35, 15:35, 15:35, 15:35, 15:35, 15:45, 15:45, 15:45, 15:45, 15:55, 16:05, 16:05, 16:05, 16:05, 16:05, 16:15, 16:15, 16:15, 16:15, 16:35, 16:35, 16:35, 16:35, 16:45, 16:45, 16:45, 16:45, 17:05, 17:05, 17:05, 17:05, 17:15, 17:15, 17:15, 17:15, 17:35, 17:35, 17:35, 17:35, 17:45, 17:45, 17:45, 17:45, 18:05, 18:05, 18:05, 18:05, 18:15, 18:15, 18:15, 18:15, 18:35, 18:35, 18:35, 18:35, 18:45, 18:45, 19:05, 19:05, 19:05, 19:15, 19:35, 19:45, 20:00, 20:20, 20:30, 21:00, 21:05, 21:40];[[0, 1, 2, 3, 4], [0, 1, 2, 3, 4], [0, 1, 2, 3, 4], [0, 1, 2, 3, 4], [0, 1, 2, 3, 4], [0, 1, 2, 3, 4], [0, 1, 2, 3, 4], [0, 1, 2, 3, 4], [0, 1, 2, 3, 4], [0, 1, 2, 3, 4], [0, 1, 2, 3, 4], [0, 1, 2, 3, 4], [0, 1, 2, 3, 4], [0], [5], [5], [6], [0], [0, 1, 2, 3, 4], [5], [5], [0, 1, 2, 3, 4], [0], [5], [5], [6], [6], [0, 1, 2, 3, 4], [0], [5], [5], [6], [0, 1, 2, 3, 4], [0], [5], [5], [6], [5], [5], [0, 1, 2, 3, 4], [0], [0, 1, 2, 3, 4], [6], [0], [5], [5], [0], [6], [0, 1, 2, 3, 4], [5], [5], [6], [0, 1, 2, 3, 4], [5], [5], [0], [6], [5], [5], [0], [0, 1, 2, 3, 4], [0], [5], [5], [0, 1, 2, 3, 4], [6], [6], [5], [5], [0, 1, 2, 3, 4], [0], [5], [5], [0], [0, 1, 2, 3, 4], [6], [0], [6], [5], [5], [0, 1, 2, 3, 4], [6], [0], [0, 1, 2, 3, 4], [5], [5], [5], [5], [0, 1, 2, 3, 4], [6], [0], [6], [0, 1, 2, 3, 4], [0], [5], [5], [5], [5], [0], [0, 1, 2, 3, 4], [6], [6], [0], [5], [5], [0, 1, 2, 3, 4], [0], [0, 1, 2, 3, 4], [6], [5], [5], [5], [5], [0], [6], [0, 1, 2, 3, 4], [6], [0], [5], [5], [0, 1, 2, 3, 4], [0], [5], [5], [6], [0, 1, 2, 3, 4], [0], [6], [5], [5], [0, 1, 2, 3, 4], [0], [0, 1, 2, 3, 4], [6], [5], [5], [0, 1, 2, 3, 4], [5], [5], [0], [6], [0, 1, 2, 3, 4], [6], [0], [5], [5], [0, 1, 2, 3, 4], [5], [5], [0], [6], [0], [6], [0, 1, 2, 3, 4], [5], [5], [0, 1, 2, 3, 4], [0], [6], [5], [5], [0], [5], [5], [0, 1, 2, 3, 4], [6], [5], [5], [0], [6], [0, 1, 2, 3, 4], [0, 1, 2, 3, 4], [0], [5], [5], [6], [0], [6], [0, 1, 2, 3, 4], [5], [5], [5], [5], [0], [0, 1, 2, 3, 4], [0], [0, 1, 2, 3, 4], [5], [5], [5], [5], [0], [0, 1, 2, 3, 4], [5], [5], [0, 1, 2, 3, 4], [0], [0], [0, 1, 2, 3, 4], [5], [5], [5], [5], [0], [0, 1, 2, 3, 4], [5], [5], [0], [0, 1, 2, 3, 4], [5], [5], [0], [0, 1, 2, 3, 4], [5], [5], [0, 1, 2, 3, 4], [0], [5], [5], [0], [0, 1, 2, 3, 4], [0], [0, 1, 2, 3, 4], [0, 1, 2, 3, 4], [5], [5], [0, 1, 2, 3, 4], [0, 1, 2, 3, 4], [0, 1, 2, 3, 4], [0, 1, 2, 3, 4], [0, 1, 2, 3, 4], [0, 1, 2, 3, 4], [0, 1, 2, 3, 4], [0, 1, 2, 3, 4], [0, 1, 2, 3, 4]]
219;Crossroads;[2532020, 4020, 723020, 1148020, 524020, 1776020, 2196020, 935020, 242020];[05:15, 05:35, 06:10, 06:35, 07:10, 15:00, 15:15, 15:45, 16:15];[[0, 1, 2, 3, 4], [0, 1, 2, 3, 4], [0, 1, 2, 3, 4], [0, 1, 2, 3, 4], [0, 1, 2, 3, 4], [0, 1, 2, 3, 4], [0, 1, 2, 3, 4], [0, 1, 2, 3, 4], [0, 1, 2, 3, 4]]
220;Sunn Fjord;[407020, 928020, 651020, 1398020, 1855020, 896020, 599020, 1799020, 2127090, 2467020, 1848020, 458090, 2101090, 2505020, 1716090, 2422020, 1354090, 790070, 790080, 936020, 1150070, 1150080, 177090, 2191020, 1144070, 1144080, 1760020, 252090, 2374070, 2374080, 2579020, 967090, 1464020, 152070, 152080, 2342090, 1909070, 1909080, 2022020, 2058090, 153020, 2449070, 2449080, 859090, 16090, 655020, 842070, 842080, 374020, 501090, 721070, 721080, 1807090, 2049070, 2049080, 2480020, 164020, 2397070, 2397080, 932090, 1444070, 1444080, 2040090, 2140020, 1146020, 1436020, 1962070, 1962080, 525090, 1589070, 1589080, 269020, 827090, 1508020, 2033090, 781070, 781080, 1207020, 2454090, 536020, 628090, 1139020, 1564020, 2113020, 1047020];[04:40, 05:20, 06:00, 06:30, 06:50, 07:20, 07:30, 08:02, 08:30, 08:30, 09:02, 09:02, 09:30, 09:30, 10:02, 10:02, 10:30, 10:30, 10:30, 10:30, 11:02, 11:02, 11:02, 11:02, 11:30, 11:30, 11:30, 11:30, 12:02, 12:02, 12:02, 12:02, 12:30, 12:30, 12:30, 12:30, 13:02, 13:02, 13:02, 13:02, 13:30, 13:30, 13:30, 13:30, 14:02, 14:02, 14:02, 14:02, 14:30, 14:30, 14:30, 14:30, 15:02, 15:02, 15:02, 15:02, 15:30, 15:30, 15:30, 15:30, 16:02, 16:02, 16:02, 16:02, 16:05, 16:30, 16:30, 16:30, 16:30, 17:02, 17:02, 17:02, 17:02, 17:30, 17:30, 17:30, 17:30, 18:02, 18:02, 18:35, 18:35, 19:02, 19:35, 20:02, 20:30];[[0, 1, 2, 3, 4], [0, 1, 2, 3, 4], [0, 1, 2, 3, 4], [0, 1, 2, 3, 4], [0, 1, 2, 3, 4], [0, 1, 2, 3, 4], [0, 1, 2, 3, 4], [0, 1, 2, 3, 4], [0], [0, 1, 2, 3, 4], [0, 1, 2, 3, 4], [0], [0], [0, 1, 2, 3, 4], [0], [0, 1, 2, 3, 4], [0], [5], [5], [0, 1, 2, 3, 4], [5], [5], [0], [0, 1, 2, 3, 4], [5], [5], [0, 1, 2, 3, 4], [0], [5], [5], [0, 1, 2, 3, 4], [0], [0, 1, 2, 3, 4], [5], [5], [0], [5], [5], [0, 1, 2, 3, 4], [0], [0, 1, 2, 3, 4], [5], [5], [0], [0], [0, 1, 2, 3, 4], [5], [5], [0, 1, 2, 3, 4], [0], [5], [5], [0], [5], [5], [0, 1, 2, 3, 4], [0, 1, 2, 3, 4], [5], [5], [0], [5], [5], [0], [0, 1, 2, 3, 4], [0, 1, 2, 3, 4], [0, 1, 2, 3, 4], [5], [5], [0], [5], [5], [0, 1, 2, 3, 4], [0], [0, 1, 2, 3, 4], [0], [5], [5], [0, 1, 2, 3, 4], [0], [0, 1, 2, 3, 4], [0], [0, 1, 2, 3, 4], [0, 1, 2, 3, 4], [0, 1, 2, 3, 4], [0, 1, 2, 3, 4]]
221;Perry Avenue;[366020, 924020, 1622020, 2596020, 2190020, 2451020, 293020, 1447090, 2472020, 116090, 2336020, 2571090, 475020, 1002020, 264090, 1242090, 350020, 1875020, 2326090, 316070, 316080, 1546070, 1546080, 1983020, 285090, 1129020, 1238090, 1277070, 1277080, 1414070, 1414080, 2197020, 966090, 2045070, 2045080, 528090, 699020, 1034020, 2019070, 2019080, 2036090, 117020, 2085090, 835070, 835080, 1692020, 1989020, 2128070, 2128080, 2345090, 139090, 497070, 497080, 78020, 755020, 1980020, 1446070, 1446080, 2465020, 307090, 1756070, 1756080, 2412090, 2088020, 2576020, 1707020, 1020020, 187070, 187080, 393090, 1330090, 971070, 971080, 470020, 2133020, 2074020, 1263090, 1501020, 1702070, 1702080, 290070, 290080, 295020, 1153020, 1648090, 1347020, 212020, 668090, 2325020, 2538020, 1167020, 1066020, 1966090, 2509020, 1664020, 1317020, 2381020, 183020, 1654020];[04:50, 05:30, 06:00, 06:00, 06:30, 06:50, 07:00, 07:32, 07:32, 08:00, 08:00, 08:32, 08:32, 09:00, 09:00, 09:32, 09:32, 10:00, 10:00, 10:00, 10:00, 10:32, 10:32, 10:32, 10:32, 11:00, 11:00, 11:00, 11:00, 11:32, 11:32, 11:32, 11:32, 12:00, 12:00, 12:00, 12:00, 12:32, 12:32, 12:32, 12:32, 13:00, 13:00, 13:00, 13:00, 13:30, 13:32, 13:32, 13:32, 13:32, 14:00, 14:00, 14:00, 14:00, 14:02, 14:30, 14:32, 14:32, 14:32, 14:32, 15:00, 15:00, 15:00, 15:02, 15:05, 15:30, 15:32, 15:32, 15:32, 15:32, 16:00, 16:00, 16:00, 16:02, 16:05, 16:30, 16:32, 16:32, 16:32, 16:32, 17:00, 17:00, 17:02, 17:05, 17:05, 17:30, 17:32, 17:32, 18:02, 18:05, 18:32, 18:35, 18:35, 19:02, 19:05, 19:32, 19:35, 20:00, 20:02];[[0, 1, 2, 3, 4], [0, 1, 2, 3, 4], [0, 1, 2, 3, 4], [0, 1, 2, 3, 4], [0, 1, 2, 3, 4], [0, 1, 2, 3, 4], [0, 1, 2, 3, 4], [0], [0, 1, 2, 3, 4], [0], [0, 1, 2, 3, 4], [0], [0, 1, 2, 3, 4], [0, 1, 2, 3, 4], [0], [0], [0, 1, 2, 3, 4], [0, 1, 2, 3, 4], [0], [5], [5], [5], [5], [0, 1, 2, 3, 4], [0], [0, 1, 2, 3, 4], [0], [5], [5], [5], [5], [0, 1, 2, 3, 4], [0], [5], [5], [0], [0, 1, 2, 3, 4], [0, 1, 2, 3, 4], [5], [5], [0], [0, 1, 2, 3, 4], [0], [5], [5], [0, 1, 2, 3, 4], [0, 1, 2, 3, 4], [5], [5], [0], [0], [5], [5], [0, 1, 2, 3, 4], [0, 1, 2, 3, 4], [0, 1, 2, 3, 4], [5], [5], [0, 1, 2, 3, 4], [0], [5], [5], [0], [0, 1, 2, 3, 4], [0, 1, 2, 3, 4], [0, 1, 2, 3, 4], [0, 1, 2, 3, 4], [5], [5], [0], [0], [5], [5], [0, 1, 2, 3, 4], [0, 1, 2, 3, 4], [0, 1, 2, 3, 4], [0], [0, 1, 2, 3, 4], [5], [5], [5], [5], [0, 1, 2, 3, 4], [0, 1, 2, 3, 4], [0], [0, 1, 2, 3, 4], [0, 1, 2, 3, 4], [0], [0, 1, 2, 3, 4], [0, 1, 2, 3, 4], [0, 1, 2, 3, 4], [0, 1, 2, 3, 4], [0], [0, 1, 2, 3, 4], [0, 1, 2, 3, 4], [0, 1, 2, 3, 4], [0, 1, 2, 3, 4], [0, 1, 2, 3, 4], [0, 1, 2, 3, 4]]
222;Gateway Express;[1810020, 806020, 2265020, 1582020, 2001020, 2064020, 1961020, 1573020, 1267020, 1177020, 2496020];[04:15, 04:58, 05:38, 05:47, 06:17, 06:47, 07:37, 15:05, 17:05, 17:45, 18:20];[[0, 1, 2, 3, 4], [0, 1, 2, 3, 4], [0, 1, 2, 3, 4], [0, 1, 2, 3, 4], [0, 1, 2, 3, 4], [0, 1, 2, 3, 4], [0, 1, 2, 3, 4], [0, 1, 2, 3, 4], [0, 1, 2, 3, 4], [0, 1, 2, 3, 4], [0, 1, 2, 3, 4]]
223;Kariotis;[1168020, 2184020, 211020, 2618020, 2120090, 2450020, 1741020, 265090, 1383090, 1954020, 1822070, 1822080, 2194020, 2604090, 104020, 1730090, 2387070, 2387080, 1136090, 267020, 467070, 467080, 1197020, 603070, 603080, 808090, 410090, 419020, 746070, 746080, 1404070, 1404080, 2093090, 617020, 1473070, 1473080, 173090, 1874020, 1685090, 2141070, 2141080, 958020, 1551070, 1551080, 2613020, 77090, 1051070, 1051080, 654090, 954020, 1681020, 2118070, 2118080, 904090, 1360070, 1360080, 1708090, 744020, 2188090, 2372070, 2372080, 2435020, 1253070, 1253080, 1352020, 669090, 159070, 159080, 1825090, 441020, 1746020, 2574070, 2574080, 658090, 1070070, 1070080, 1098020, 2423090, 1938020, 856020];[06:32, 07:00, 07:32, 08:00, 08:32, 08:32, 09:00, 09:00, 09:32, 09:32, 10:00, 10:00, 10:00, 10:00, 10:32, 10:32, 10:32, 10:32, 11:00, 11:00, 11:00, 11:00, 11:32, 11:32, 11:32, 11:32, 12:00, 12:00, 12:00, 12:00, 12:32, 12:32, 12:32, 12:32, 13:00, 13:00, 13:00, 13:00, 13:32, 13:32, 13:32, 13:32, 14:00, 14:00, 14:00, 14:00, 14:32, 14:32, 14:32, 14:32, 15:00, 15:00, 15:00, 15:00, 15:32, 15:32, 15:32, 15:32, 16:00, 16:00, 16:00, 16:00, 16:32, 16:32, 16:32, 16:32, 17:00, 17:00, 17:00, 17:00, 17:32, 17:32, 17:32, 17:32, 18:00, 18:00, 18:00, 18:00, 18:32, 19:00];[[0, 1, 2, 3, 4], [0, 1, 2, 3, 4], [0, 1, 2, 3, 4], [0, 1, 2, 3, 4], [0], [0, 1, 2, 3, 4], [0, 1, 2, 3, 4], [0], [0], [0, 1, 2, 3, 4], [5], [5], [0, 1, 2, 3, 4], [0], [0, 1, 2, 3, 4], [0], [5], [5], [0], [0, 1, 2, 3, 4], [5], [5], [0, 1, 2, 3, 4], [5], [5], [0], [0], [0, 1, 2, 3, 4], [5], [5], [5], [5], [0], [0, 1, 2, 3, 4], [5], [5], [0], [0, 1, 2, 3, 4], [0], [5], [5], [0, 1, 2, 3, 4], [5], [5], [0, 1, 2, 3, 4], [0], [5], [5], [0], [0, 1, 2, 3, 4], [0, 1, 2, 3, 4], [5], [5], [0], [5], [5], [0], [0, 1, 2, 3, 4], [0], [5], [5], [0, 1, 2, 3, 4], [5], [5], [0, 1, 2, 3, 4], [0], [5], [5], [0], [0, 1, 2, 3, 4], [0, 1, 2, 3, 4], [5], [5], [0], [5], [5], [0, 1, 2, 3, 4], [0], [0, 1, 2, 3, 4], [0, 1, 2, 3, 4]]
224;Olympic College;[2584020, 380020, 320020, 1557020, 731020, 158020, 664020, 2458090, 2479020, 1842090, 1992020, 1114090, 1299020, 1663090, 426020, 2367020, 352090, 71070, 71080, 1118090, 1182020, 1214070, 1214080, 1166070, 1166080, 2185020, 575090, 1237070, 1237080, 2477020, 345090, 1333090, 2622070, 2622080, 98020, 696090, 85070, 85080, 992020, 1174090, 2052020, 2442070, 2442080, 1416020, 2566070, 2566080, 2607090, 1450020, 1641070, 1641080, 2205090, 1162070, 1162080, 555090, 886020, 172070, 172080, 351020, 940090, 2067090, 2365020, 802070, 802080, 1199020, 2160090, 2478070, 2478080, 286020, 1684090, 2359020, 2408070, 2408080, 103070, 103080, 2201090, 840020, 1721020, 2016090, 1840090, 27020, 1275020];[04:50, 05:30, 06:00, 06:30, 07:20, 07:30, 08:02, 08:30, 08:30, 09:02, 09:02, 09:30, 09:30, 10:02, 10:02, 10:30, 10:30, 10:30, 10:30, 11:02, 11:02, 11:02, 11:02, 11:30, 11:30, 11:30, 11:30, 12:02, 12:02, 12:02, 12:02, 12:30, 12:30, 12:30, 12:30, 13:02, 13:02, 13:02, 13:02, 13:30, 13:30, 13:30, 13:30, 14:02, 14:02, 14:02, 14:02, 14:30, 14:30, 14:30, 14:30, 15:02, 15:02, 15:02, 15:02, 15:30, 15:30, 15:30, 15:30, 16:02, 16:02, 16:02, 16:02, 16:05, 16:30, 16:30, 16:30, 16:30, 17:02, 17:02, 17:02, 17:02, 17:30, 17:30, 17:30, 17:30, 18:02, 18:02, 18:35, 18:35, 19:02];[[0, 1, 2, 3, 4], [0, 1, 2, 3, 4], [0, 1, 2, 3, 4], [0, 1, 2, 3, 4], [0, 1, 2, 3, 4], [0, 1, 2, 3, 4], [0, 1, 2, 3, 4], [0], [0, 1, 2, 3, 4], [0], [0, 1, 2, 3, 4], [0], [0, 1, 2, 3, 4], [0], [0, 1, 2, 3, 4], [0, 1, 2, 3, 4], [0], [5], [5], [0], [0, 1, 2, 3, 4], [5], [5], [5], [5], [0, 1, 2, 3, 4], [0], [5], [5], [0, 1, 2, 3, 4], [0], [0], [5], [5], [0, 1, 2, 3, 4], [0], [5], [5], [0, 1, 2, 3, 4], [0], [0, 1, 2, 3, 4], [5], [5], [0, 1, 2, 3, 4], [5], [5], [0], [0, 1, 2, 3, 4], [5], [5], [0], [5], [5], [0], [0, 1, 2, 3, 4], [5], [5], [0, 1, 2, 3, 4], [0], [0], [0, 1, 2, 3, 4], [5], [5], [0, 1, 2, 3, 4], [0], [5], [5], [0, 1, 2, 3, 4], [0], [0, 1, 2, 3, 4], [5], [5], [5], [5], [0], [0, 1, 2, 3, 4], [0, 1, 2, 3, 4], [0], [0], [0, 1, 2, 3, 4], [0, 1, 2, 3, 4]]
225;Sheridan Park;[1273020, 725020, 188020, 2053020, 2005020, 685020, 809020, 145020, 2024090, 1623020, 1812090, 2354090, 2530020, 2075090, 2403020, 147090, 271020, 204090, 416070, 416080, 858020, 1194070, 1194080, 1339090, 1738020, 1706020, 446090, 502070, 502080, 1971090, 2189020, 564070, 564080, 2243020, 287090, 780070, 780080, 100090, 1977020, 73070, 73080, 1527090, 1537070, 1537080, 29020, 2139020, 2199070, 2199080, 740090, 223090, 2484020, 578070, 578080, 1666070, 1666080, 1711020, 521090, 111070, 111080, 720090, 672020, 1138090, 57020, 788070, 788080, 1032070, 1032080, 1487090, 1538020, 1877070, 1877080, 2552090, 421020, 1250070, 1250080, 1449020, 2482090, 319020, 114090, 1188020, 238020, 1442020, 1715020, 533020, 866090, 2503020, 205020, 2544020, 342020, 657020, 2356020];[04:50, 05:30, 06:00, 06:00, 06:30, 06:50, 07:00, 07:32, 07:32, 08:00, 08:00, 08:32, 08:32, 09:00, 09:00, 09:32, 09:32, 10:00, 10:00, 10:00, 10:00, 10:32, 10:32, 10:32, 10:32, 11:00, 11:00, 11:00, 11:00, 11:32, 11:32, 11:32, 11:32, 12:00, 12:00, 12:00, 12:00, 12:32, 12:32, 12:32, 12:32, 13:00, 13:00, 13:00, 13:00, 13:32, 13:32, 13:32, 13:32, 14:00, 14:00, 14:00, 14:00, 14:32, 14:32, 14:32, 14:32, 15:00, 15:00, 15:00, 15:05, 15:32, 15:32, 15:32, 15:32, 16:00, 16:00, 16:00, 16:05, 16:32, 16:32, 16:32, 16:32, 17:00, 17:00, 17:05, 17:05, 17:30, 17:32, 17:32, 18:02, 18:05, 18:32, 18:35, 18:35, 19:02, 19:05, 19:32, 19:35, 20:00, 20:02];[[0, 1, 2, 3, 4], [0, 1, 2, 3, 4], [0, 1, 2, 3, 4], [0, 1, 2, 3, 4], [0, 1, 2, 3, 4], [0, 1, 2, 3, 4], [0, 1, 2, 3, 4], [0, 1, 2, 3, 4], [0], [0, 1, 2, 3, 4], [0], [0], [0, 1, 2, 3, 4], [0], [0, 1, 2, 3, 4], [0], [0, 1, 2, 3, 4], [0], [5], [5], [0, 1, 2, 3, 4], [5], [5], [0], [0, 1, 2, 3, 4], [0, 1, 2, 3, 4], [0], [5], [5], [0], [0, 1, 2, 3, 4], [5], [5], [0, 1, 2, 3, 4], [0], [5], [5], [0], [0, 1, 2, 3, 4], [5], [5], [0], [5], [5], [0, 1, 2, 3, 4], [0, 1, 2, 3, 4], [5], [5], [0], [0], [0, 1, 2, 3, 4], [5], [5], [5], [5], [0, 1, 2, 3, 4], [0], [5], [5], [0], [0, 1, 2, 3, 4], [0], [0, 1, 2, 3, 4], [5], [5], [5], [5], [0], [0, 1, 2, 3, 4], [5], [5], [0], [0, 1, 2, 3, 4], [5], [5], [0, 1, 2, 3, 4], [0], [0, 1, 2, 3, 4], [0], [0, 1, 2, 3, 4], [0, 1, 2, 3, 4], [0, 1, 2, 3, 4], [0, 1, 2, 3, 4], [0, 1, 2, 3, 4], [0], [0, 1, 2, 3, 4], [0, 1, 2, 3, 4], [0, 1, 2, 3, 4], [0, 1, 2, 3, 4], [0, 1, 2, 3, 4], [0, 1, 2, 3, 4]]
226;Bay Vista;[2295020, 331020, 2621020, 2117020, 1882020, 2474020, 1081090, 634020, 1113020, 385090, 1058090, 1554020, 1163020, 2531090, 2166090, 59020, 2017020, 905090, 1617020, 2125070, 2125080, 2248090, 423070, 423080, 656090, 702020, 2333090, 2543070, 2543080, 897020, 1185070, 1185080, 2087090, 2627020, 1226090, 1307070, 1307080, 2299020, 2420020, 1802070, 1802080, 2180020, 660090, 1722020, 2010090, 2583070, 2583080, 395020, 2389020, 1526020, 1898070, 1898080, 321090, 1384090, 1804020, 594070, 594080, 1540020, 2600090, 2624070, 2624080, 909020, 2554020, 1824020, 1845070, 1845080, 2097090, 2291020, 1036090, 1640020, 486070, 486080, 1173020, 181020, 1835070, 1835080, 2072090, 2608020, 1459020, 1618070, 1618080, 1887090, 184020, 1697090, 1979020, 2610070, 2610080, 1795020, 1227020, 561090, 2056020, 2377020, 1056090, 1710020, 63020, 585020, 2246020, 1385020, 2048020];[04:55, 05:30, 06:05, 06:30, 06:50, 07:20, 07:30, 07:30, 08:02, 08:02, 08:30, 08:30, 09:02, 09:02, 09:30, 09:30, 10:02, 10:02, 10:30, 10:30, 10:30, 10:30, 11:02, 11:02, 11:02, 11:02, 11:30, 11:30, 11:30, 11:30, 12:02, 12:02, 12:02, 12:02, 12:30, 12:30, 12:30, 12:30, 13:00, 13:02, 13:02, 13:02, 13:02, 13:30, 13:30, 13:30, 13:30, 13:32, 14:00, 14:02, 14:02, 14:02, 14:02, 14:30, 14:30, 14:30, 14:30, 14:32, 15:02, 15:02, 15:02, 15:02, 15:05, 15:30, 15:30, 15:30, 15:30, 15:32, 16:02, 16:02, 16:02, 16:02, 16:05, 16:30, 16:30, 16:30, 16:30, 16:32, 17:02, 17:02, 17:02, 17:02, 17:05, 17:30, 17:30, 17:30, 17:30, 17:32, 18:02, 18:02, 18:05, 18:32, 18:35, 18:35, 19:02, 19:05, 19:35, 20:02, 20:30];[[0, 1, 2, 3, 4], [0, 1, 2, 3, 4], [0, 1, 2, 3, 4], [0, 1, 2, 3, 4], [0, 1, 2, 3, 4], [0, 1, 2, 3, 4], [0], [0, 1, 2, 3, 4], [0, 1, 2, 3, 4], [0], [0], [0, 1, 2, 3, 4], [0, 1, 2, 3, 4], [0], [0], [0, 1, 2, 3, 4], [0, 1, 2, 3, 4], [0], [0, 1, 2, 3, 4], [5], [5], [0], [5], [5], [0], [0, 1, 2, 3, 4], [0], [5], [5], [0, 1, 2, 3, 4], [5], [5], [0], [0, 1, 2, 3, 4], [0], [5], [5], [0, 1, 2, 3, 4], [0, 1, 2, 3, 4], [5], [5], [0, 1, 2, 3, 4], [0], [0, 1, 2, 3, 4], [0], [5], [5], [0, 1, 2, 3, 4], [0, 1, 2, 3, 4], [0, 1, 2, 3, 4], [5], [5], [0], [0], [0, 1, 2, 3, 4], [5], [5], [0, 1, 2, 3, 4], [0], [5], [5], [0, 1, 2, 3, 4], [0, 1, 2, 3, 4], [0, 1, 2, 3, 4], [5], [5], [0], [0, 1, 2, 3, 4], [0], [0, 1, 2, 3, 4], [5], [5], [0, 1, 2, 3, 4], [0, 1, 2, 3, 4], [5], [5], [0], [0, 1, 2, 3, 4], [0, 1, 2, 3, 4], [5], [5], [0], [0, 1, 2, 3, 4], [0], [0, 1, 2, 3, 4], [5], [5], [0, 1, 2, 3, 4], [0, 1, 2, 3, 4], [0], [0, 1, 2, 3, 4], [0, 1, 2, 3, 4], [0], [0, 1, 2, 3, 4], [0, 1, 2, 3, 4], [0, 1, 2, 3, 4], [0, 1, 2, 3, 4], [0, 1, 2, 3, 4], [0, 1, 2, 3, 4]]
228;Marion;[2570020, 1699020, 1667020, 2366020, 1467090, 2568020, 1491090, 700020, 2099020, 583090, 122020, 768090, 473020, 604090, 431090, 786020, 853070, 853080, 135020, 1558090, 565070, 565080, 1934020, 292090, 574070, 574080, 127020, 2073070, 2073080, 817090, 1535090, 1735070, 1735080, 865020, 1929020, 1988070, 1988080, 2448090, 2044020, 308070, 308080, 979090, 1691020, 777090, 88070, 88080, 1395020, 496070, 496080, 852090, 1418070, 1418080, 2035090, 2580020, 132070, 132080, 2083090, 950020, 10070, 10080, 61090, 811020, 1179070, 1179080, 1312020, 282090, 1417070, 1417080, 219020, 453090, 1435020, 2313070, 2313080, 984090, 1553020, 1602090, 105090, 1956020, 1220020];[05:22, 06:25, 06:55, 07:20, 08:00, 08:00, 08:32, 08:32, 09:00, 09:00, 09:32, 09:32, 10:00, 10:00, 10:32, 10:32, 10:32, 10:32, 11:00, 11:00, 11:00, 11:00, 11:32, 11:32, 11:32, 11:32, 12:00, 12:00, 12:00, 12:00, 12:32, 12:32, 12:32, 12:32, 13:00, 13:00, 13:00, 13:00, 13:32, 13:32, 13:32, 13:32, 14:00, 14:00, 14:00, 14:00, 14:32, 14:32, 14:32, 14:32, 15:00, 15:00, 15:00, 15:05, 15:32, 15:32, 15:32, 15:32, 16:00, 16:00, 16:00, 16:05, 16:32, 16:32, 16:32, 16:32, 17:00, 17:00, 17:05, 17:05, 17:32, 17:32, 17:32, 17:32, 18:05, 18:05, 18:32, 18:32, 19:05];[[0, 1, 2, 3, 4], [0, 1, 2, 3, 4], [0, 1, 2, 3, 4], [0, 1, 2, 3, 4], [0], [0, 1, 2, 3, 4], [0], [0, 1, 2, 3, 4], [0, 1, 2, 3, 4], [0], [0, 1, 2, 3, 4], [0], [0, 1, 2, 3, 4], [0], [0], [0, 1, 2, 3, 4], [5], [5], [0, 1, 2, 3, 4], [0], [5], [5], [0, 1, 2, 3, 4], [0], [5], [5], [0, 1, 2, 3, 4], [5], [5], [0], [0], [5], [5], [0, 1, 2, 3, 4], [0, 1, 2, 3, 4], [5], [5], [0], [0, 1, 2, 3, 4], [5], [5], [0], [0, 1, 2, 3, 4], [0], [5], [5], [0, 1, 2, 3, 4], [5], [5], [0], [5], [5], [0], [0, 1, 2, 3, 4], [5], [5], [0], [0, 1, 2, 3, 4], [5], [5], [0], [0, 1, 2, 3, 4], [5], [5], [0, 1, 2, 3, 4], [0], [5], [5], [0, 1, 2, 3, 4], [0], [0, 1, 2, 3, 4], [5], [5], [0], [0, 1, 2, 3, 4], [0], [0], [0, 1, 2, 3, 4], [0, 1, 2, 3, 4]]
229;Trenton;[1120020, 2572020, 222020, 1030020, 2524020, 1967020, 1637020, 1574020, 2355020, 552020];[05:30, 06:10, 06:50, 07:30, 15:20, 16:05, 16:40, 17:20, 17:55, 18:35];[[0, 1, 2, 3, 4], [0, 1, 2, 3, 4], [0, 1, 2, 3, 4], [0, 1, 2, 3, 4], [0, 1, 2, 3, 4], [0, 1, 2, 3, 4], [0, 1, 2, 3, 4], [0, 1, 2, 3, 4], [0, 1, 2, 3, 4], [0, 1, 2, 3, 4]]
238;West Bremerton Express;[1915020, 2025020, 1055020, 324020, 306020, 981020];[04:55, 05:55, 06:55, 15:05, 16:05, 17:05];[[0, 1, 2, 3, 4], [0, 1, 2, 3, 4], [0, 1, 2, 3, 4], [0, 1, 2, 3, 4], [0, 1, 2, 3, 4], [0, 1, 2, 3, 4]]
265;Silverdale Central;[1631090, 449070, 449080, 927020, 1090070, 1090080, 1815020, 1862090, 1731070, 1731080, 262090, 912020, 1433090, 1771070, 1771080, 900020, 119070, 119080, 2427020, 643090, 174020, 1790070, 1790080, 2518090, 186090, 288020, 934070, 934080, 20090, 2145070, 2145080, 2460020, 1871090, 52020, 610070, 610080, 1049070, 1049080, 1072090, 1728020, 1419090, 482020, 633070, 633080, 1425090, 437070, 437080, 734020, 1534090, 1800020, 670070, 670080, 1392020, 2077070, 2077080, 590090, 1236020, 2071090, 2092070, 2092080, 1224070, 1224080, 3090, 695020, 1516020, 2534090, 869070, 869080, 2066070, 2066080, 231090, 484020, 2400070, 2400080, 671020, 736090, 1872020, 490090, 495070, 495080, 1492020, 1886070, 1886080, 1999090, 1479090, 593020];[08:30, 08:30, 08:30, 08:30, 09:00, 09:00, 09:00, 09:00, 09:30, 09:30, 09:30, 09:30, 10:00, 10:00, 10:00, 10:00, 10:30, 10:30, 10:30, 10:30, 11:00, 11:00, 11:00, 11:00, 11:30, 11:30, 11:30, 11:30, 12:00, 12:00, 12:00, 12:00, 12:30, 12:30, 12:30, 12:30, 13:00, 13:00, 13:00, 13:00, 13:30, 13:30, 13:30, 13:30, 14:00, 14:00, 14:00, 14:00, 14:30, 14:30, 14:30, 14:30, 15:00, 15:00, 15:00, 15:00, 15:30, 15:30, 15:30, 15:30, 16:00, 16:00, 16:00, 16:00, 16:30, 16:30, 16:30, 16:30, 17:00, 17:00, 17:00, 17:00, 17:30, 17:30, 17:30, 17:30, 18:00, 18:00, 18:00, 18:00, 18:30, 18:30, 18:30, 18:30, 19:00, 19:00];[[0], [5], [5], [0, 1, 2, 3, 4], [5], [5], [0, 1, 2, 3, 4], [0], [5], [5], [0], [0, 1, 2, 3, 4], [0], [5], [5], [0, 1, 2, 3, 4], [5], [5], [0, 1, 2, 3, 4], [0], [0, 1, 2, 3, 4], [5], [5], [0], [0], [0, 1, 2, 3, 4], [5], [5], [0], [5], [5], [0, 1, 2, 3, 4], [0], [0, 1, 2, 3, 4], [5], [5], [5], [5], [0], [0, 1, 2, 3, 4], [0], [0, 1, 2, 3, 4], [5], [5], [0], [5], [5], [0, 1, 2, 3, 4], [0], [0, 1, 2, 3, 4], [5], [5], [0, 1, 2, 3, 4], [5], [5], [0], [0, 1, 2, 3, 4], [0], [5], [5], [5], [5], [0], [0, 1, 2, 3, 4], [0, 1, 2, 3, 4], [0], [5], [5], [5], [5], [0], [0, 1, 2, 3, 4], [5], [5], [0, 1, 2, 3, 4], [0], [0, 1, 2, 3, 4], [0], [5], [5], [0, 1, 2, 3, 4], [5], [5], [0], [0], [0, 1, 2, 3, 4]]
266;Silverdale Ridgetop;[1494020, 1948020, 745020, 1560020, 1888090, 892020, 2304020, 579090, 1432020, 2282090, 1372020, 2434090, 1757020, 1965090, 402070, 402080, 1496020, 2341090, 83070, 83080, 2163020, 710070, 710080, 764090, 1231070, 1231080, 1407090, 818020, 1028070, 1028080, 1257090, 857020, 1694020, 191070, 191080, 2079090, 221070, 221080, 2288020, 743090, 2082020, 2330070, 2330080, 2357090, 2260070, 2260080, 355020, 598090, 1987090, 2318070, 2318080, 830020, 2069020, 268090, 39070, 39080, 2154020, 427090, 982070, 982080, 1366020, 1997090, 623070, 623080, 1012020, 2193090, 2441070, 2441080, 2376090, 2546070, 2546080, 300020, 2444090, 313070, 313080, 973020, 2548090, 340020, 455070, 455080, 2239070, 2239080, 2547020, 259090, 1100070, 1100080, 1195020, 1737090, 1652070, 1652080, 2063090, 81020, 412020, 545090, 942070, 942080, 1048020, 112090, 1262070, 1262080, 1235020, 1488070, 1488080, 991090, 1137020, 120070, 120080, 1714090, 1310020, 1318090, 810070, 810080, 1239090, 328020, 941070, 941080, 1918090, 2305020, 679070, 679080, 110070, 110080, 1386090, 1518020, 1245020, 591070, 591080, 692090, 2351090, 333020, 925070, 925080, 1158090, 2334020, 358070, 358080, 1071020, 448090, 884070, 884080, 1272090, 1382020, 2267070, 2267080, 1196090, 1294020, 517070, 517080, 1958070, 1958080, 270090, 823020, 2506020, 413070, 413080, 956090, 1500020, 1658090, 2485070, 2485080, 1811070, 1811080, 2375020, 871090, 166070, 166080, 2273090, 2328020, 1440070, 1440080, 499090, 558020, 2406020, 2463090, 1955020, 820090];[07:00, 07:12, 07:30, 07:42, 08:00, 08:00, 08:12, 08:12, 08:30, 08:30, 08:42, 08:42, 09:00, 09:00, 09:00, 09:00, 09:12, 09:12, 09:12, 09:12, 09:30, 09:30, 09:30, 09:30, 09:42, 09:42, 09:42, 09:42, 10:00, 10:00, 10:00, 10:00, 10:12, 10:12, 10:12, 10:12, 10:30, 10:30, 10:30, 10:30, 10:42, 10:42, 10:42, 10:42, 11:00, 11:00, 11:00, 11:00, 11:12, 11:12, 11:12, 11:12, 11:30, 11:30, 11:30, 11:30, 11:42, 11:42, 11:42, 11:42, 12:00, 12:00, 12:00, 12:00, 12:13, 12:13, 12:13, 12:13, 12:30, 12:30, 12:30, 12:30, 12:43, 12:43, 12:43, 12:43, 13:00, 13:00, 13:00, 13:00, 13:13, 13:13, 13:13, 13:13, 13:30, 13:30, 13:30, 13:30, 13:43, 13:43, 13:43, 13:43, 14:00, 14:00, 14:00, 14:00, 14:13, 14:13, 14:13, 14:13, 14:30, 14:30, 14:30, 14:30, 14:43, 14:43, 14:43, 14:43, 15:00, 15:00, 15:00, 15:00, 15:13, 15:13, 15:13, 15:13, 15:30, 15:30, 15:30, 15:30, 15:43, 15:43, 15:43, 15:43, 16:00, 16:00, 16:00, 16:00, 16:13, 16:13, 16:13, 16:13, 16:30, 16:30, 16:30, 16:30, 16:43, 16:43, 16:43, 16:43, 17:00, 17:00, 17:00, 17:00, 17:12, 17:12, 17:12, 17:12, 17:30, 17:30, 17:30, 17:30, 17:42, 17:42, 17:42, 17:42, 18:00, 18:00, 18:00, 18:00, 18:12, 18:12, 18:12, 18:12, 18:30, 18:30, 18:30, 18:30, 18:42, 18:42, 18:42, 18:42, 19:00, 19:00, 19:12, 19:12];[[0, 1, 2, 3, 4], [0, 1, 2, 3, 4], [0, 1, 2, 3, 4], [0, 1, 2, 3, 4], [0], [0, 1, 2, 3, 4], [0, 1, 2, 3, 4], [0], [0, 1, 2, 3, 4], [0], [0, 1, 2, 3, 4], [0], [0, 1, 2, 3, 4], [0], [5], [5], [0, 1, 2, 3, 4], [0], [5], [5], [0, 1, 2, 3, 4], [5], [5], [0], [5], [5], [0], [0, 1, 2, 3, 4], [5], [5], [0], [0, 1, 2, 3, 4], [0, 1, 2, 3, 4], [5], [5], [0], [5], [5], [0, 1, 2, 3, 4], [0], [0, 1, 2, 3, 4], [5], [5], [0], [5], [5], [0, 1, 2, 3, 4], [0], [0], [5], [5], [0, 1, 2, 3, 4], [0, 1, 2, 3, 4], [0], [5], [5], [0, 1, 2, 3, 4], [0], [5], [5], [0, 1, 2, 3, 4], [0], [5], [5], [0, 1, 2, 3, 4], [0], [5], [5], [0], [5], [5], [0, 1, 2, 3, 4], [0], [5], [5], [0, 1, 2, 3, 4], [0], [0, 1, 2, 3, 4], [5], [5], [5], [5], [0, 1, 2, 3, 4], [0], [5], [5], [0, 1, 2, 3, 4], [0], [5], [5], [0], [0, 1, 2, 3, 4], [0, 1, 2, 3, 4], [0], [5], [5], [0, 1, 2, 3, 4], [0], [5], [5], [0, 1, 2, 3, 4], [5], [5], [0], [0, 1, 2, 3, 4], [5], [5], [0], [0, 1, 2, 3, 4], [0], [5], [5], [0], [0, 1, 2, 3, 4], [5], [5], [0], [0, 1, 2, 3, 4], [5], [5], [5], [5], [0], [0, 1, 2, 3, 4], [0, 1, 2, 3, 4], [5], [5], [0], [0], [0, 1, 2, 3, 4], [5], [5], [0], [0, 1, 2, 3, 4], [5], [5], [0, 1, 2, 3, 4], [0], [5], [5], [0], [0, 1, 2, 3, 4], [5], [5], [0], [0, 1, 2, 3, 4], [5], [5], [5], [5], [0], [0, 1, 2, 3, 4], [0, 1, 2, 3, 4], [5], [5], [0], [0, 1, 2, 3, 4], [0], [5], [5], [5], [5], [0, 1, 2, 3, 4], [0], [5], [5], [0], [0, 1, 2, 3, 4], [5], [5], [0], [0, 1, 2, 3, 4], [0, 1, 2, 3, 4], [0], [0, 1, 2, 3, 4], [0]]
301;North Kitsap Fast Ferry Express;[498020, 1074020, 587020, 2157020, 1780020, 766020, 2316020, 202020, 1105020, 1064020, 1454020, 1468020, 576020, 2231020, 923020];[04:25, 05:45, 06:42, 07:00, 08:00, 09:17, 12:30, 13:50, 15:05, 15:10, 16:25, 16:35, 17:45, 18:05, 19:05];[[0, 1, 2, 3, 4], [0, 1, 2, 3, 4], [0, 1, 2, 3, 4], [0, 1, 2, 3, 4], [0, 1, 2, 3, 4], [0, 1, 2, 3, 4], [0, 1, 2, 3, 4], [0, 1, 2, 3, 4], [0, 1, 2, 3, 4], [0, 1, 2, 3, 4], [0, 1, 2, 3, 4], [0, 1, 2, 3, 4], [0, 1, 2, 3, 4], [0, 1, 2, 3, 4], [0, 1, 2, 3, 4]]
302;Kingston/Suquamish Fast Ferry;[1849090, 2059020, 1000090, 969020, 1399020, 714090, 1791020, 1889090, 485020, 535090, 1857090, 2187020, 1075090, 115020, 1285020, 1420090, 1682090, 2407020, 327090, 911020, 1369090, 8020, 1374020, 452090];[04:35, 04:35, 06:15, 06:19, 07:02, 07:02, 07:55, 07:55, 08:42, 08:42, 11:40, 11:40, 13:40, 13:40, 15:20, 15:20, 16:07, 16:07, 17:05, 17:05, 17:47, 17:47, 19:32, 19:32];[[0], [0, 1, 2, 3, 4], [0], [0, 1, 2, 3, 4], [0, 1, 2, 3, 4], [0], [0, 1, 2, 3, 4], [0], [0, 1, 2, 3, 4], [0], [0], [0, 1, 2, 3, 4], [0], [0, 1, 2, 3, 4], [0, 1, 2, 3, 4], [0], [0], [0, 1, 2, 3, 4], [0], [0, 1, 2, 3, 4], [0], [0, 1, 2, 3, 4], [0, 1, 2, 3, 4], [0]]
307;Kingston/North Viking Fast Ferry;[2279090, 371020, 1561020, 1709090, 143090, 2464020, 1565090, 2090020, 344020, 436090, 1026080, 1326090, 906020, 304080, 754020, 2115090, 2533020, 663090, 522080, 2261020, 1019090, 479020, 803090, 770080, 1894080, 1192080, 2363090, 2588020, 1206090, 474020, 1251080, 1297020, 2633090, 154020, 620090, 1140080, 2171080, 2137090, 2507020, 454020, 469090, 1830080, 1578080, 1405020, 2473090, 1515020, 253090];[04:50, 04:50, 05:10, 05:10, 06:28, 06:33, 07:02, 07:02, 08:09, 08:09, 08:39, 08:42, 08:42, 10:22, 10:28, 10:30, 10:53, 10:55, 10:56, 11:10, 11:13, 11:40, 11:40, 12:02, 12:36, 13:42, 13:45, 13:45, 14:15, 14:15, 14:21, 15:30, 15:30, 16:07, 16:07, 16:42, 17:11, 17:15, 17:15, 17:47, 17:47, 18:27, 19:01, 19:05, 19:05, 19:32, 19:32];[[0], [0, 1, 2, 3, 4], [0, 1, 2, 3, 4], [0], [0], [0, 1, 2, 3, 4], [0], [0, 1, 2, 3, 4], [0, 1, 2, 3, 4], [0], [5], [0], [0, 1, 2, 3, 4], [5], [0, 1, 2, 3, 4], [0], [0, 1, 2, 3, 4], [0], [5], [0, 1, 2, 3, 4], [0], [0, 1, 2, 3, 4], [0], [5], [5], [5], [0], [0, 1, 2, 3, 4], [0], [0, 1, 2, 3, 4], [5], [0, 1, 2, 3, 4], [0], [0, 1, 2, 3, 4], [0], [5], [5], [0], [0, 1, 2, 3, 4], [0, 1, 2, 3, 4], [0], [5], [5], [0, 1, 2, 3, 4], [0], [0, 1, 2, 3, 4], [0]]
331;Poulsbo/Myhre;[1570020, 683020, 65020, 2303020, 1583090, 1792070, 1792080, 1991020, 1103070, 1103080, 1289090, 303020, 1087020, 2395070, 2395080, 891090, 1913070, 1913080, 2625090, 464020, 1264020, 1429070, 1429080, 1612090, 1088020, 2388070, 2388080, 2575090, 1609020, 1827090, 763070, 763080, 2269020, 2378070, 2378080, 392090, 1539070, 1539080, 1713090, 2606020, 1204020, 622070, 622080, 79090, 1042070, 1042080, 1975090, 1998020, 2018020, 2253090, 2401070, 2401080, 2012020, 2492090, 2513070, 2513080, 1077070, 1077080, 1145020, 2204090, 1484070, 1484080, 2384020, 28090, 137090, 2258070, 2258080, 951020, 1469070, 1469080, 1923090, 2136020, 1536090, 1834020, 2370070, 2370080, 1284070, 1284080, 1826020, 2490090, 2486090, 334020, 626070, 626080, 1763070, 1763080, 2252090, 99020, 1653090, 2062020, 826070, 826080, 1717020, 647070, 647080, 1647070, 1647080, 1761020];[06:00, 06:30, 07:00, 07:30, 08:00, 08:00, 08:00, 08:00, 08:30, 08:30, 08:30, 08:30, 09:00, 09:00, 09:00, 09:00, 09:30, 09:30, 09:30, 09:30, 10:00, 10:00, 10:00, 10:00, 10:30, 10:30, 10:30, 10:30, 11:00, 11:00, 11:00, 11:00, 11:30, 11:30, 11:30, 11:30, 12:00, 12:00, 12:00, 12:00, 12:30, 12:30, 12:30, 12:30, 13:00, 13:00, 13:00, 13:00, 13:30, 13:30, 13:30, 13:30, 14:00, 14:00, 14:00, 14:00, 14:30, 14:30, 14:30, 14:30, 15:00, 15:00, 15:00, 15:00, 15:30, 15:30, 15:30, 15:30, 16:00, 16:00, 16:00, 16:00, 16:30, 16:30, 16:30, 16:30, 17:00, 17:00, 17:00, 17:00, 17:30, 17:30, 17:30, 17:30, 18:00, 18:00, 18:00, 18:00, 18:30, 18:30, 18:30, 18:30, 19:00, 19:00, 19:00, 19:30, 19:30, 19:30];[[0, 1, 2, 3, 4], [0, 1, 2, 3, 4], [0, 1, 2, 3, 4], [0, 1, 2, 3, 4], [0], [5], [5], [0, 1, 2, 3, 4], [5], [5], [0], [0, 1, 2, 3, 4], [0, 1, 2, 3, 4], [5], [5], [0], [5], [5], [0], [0, 1, 2, 3, 4], [0, 1, 2, 3, 4], [5], [5], [0], [0, 1, 2, 3, 4], [5], [5], [0], [0, 1, 2, 3, 4], [0], [5], [5], [0, 1, 2, 3, 4], [5], [5], [0], [5], [5], [0], [0, 1, 2, 3, 4], [0, 1, 2, 3, 4], [5], [5], [0], [5], [5], [0], [0, 1, 2, 3, 4], [0, 1, 2, 3, 4], [0], [5], [5], [0, 1, 2, 3, 4], [0], [5], [5], [5], [5], [0, 1, 2, 3, 4], [0], [5], [5], [0, 1, 2, 3, 4], [0], [0], [5], [5], [0, 1, 2, 3, 4], [5], [5], [0], [0, 1, 2, 3, 4], [0], [0, 1, 2, 3, 4], [5], [5], [5], [5], [0, 1, 2, 3, 4], [0], [0], [0, 1, 2, 3, 4], [5], [5], [5], [5], [0], [0, 1, 2, 3, 4], [0], [0, 1, 2, 3, 4], [5], [5], [0, 1, 2, 3, 4], [5], [5], [5], [5], [0, 1, 2, 3, 4]]
332;Poulsbo/Silverdale;[1671090, 832020, 1178090, 438020, 1282090, 1676020, 217070, 217080, 772010, 1261070, 1261080, 1614010, 2251020, 2629090, 1271070, 1271080, 2110010, 2426020, 2476090, 1566010, 2175020, 2514070, 2514080, 618090, 1217070, 1217080, 1426010, 430020, 549090, 1084010, 1831090, 2612020, 72070, 72080, 1265010, 289070, 289080, 571020, 948090, 1101070, 1101080, 1106090, 1689010, 2159020, 2031070, 2031080, 210010, 2593090, 311020, 1413010, 1953070, 1953080, 646090, 735020, 1370090, 1673020, 353010, 739070, 739080, 1590020, 2404070, 2404080, 248090, 596010, 1021010, 1127090, 2009070, 2009080, 2105020, 1116090, 1511010, 1591070, 1591080, 635020, 1669070, 1669080, 1878020, 36010, 461090, 1403020, 2221010, 2278090, 889070, 889080, 1143070, 1143080, 442020, 829090, 1202070, 1202080, 2459020, 38090, 1421070, 1421080, 1836020, 1969090, 1004020, 1821090, 2393070, 2393080, 2573020, 983070, 983080, 1803020, 801070, 801080, 387020, 701020, 1396020];[07:30, 07:30, 08:00, 08:00, 08:30, 08:30, 08:30, 08:30, 08:30, 09:00, 09:00, 09:00, 09:00, 09:00, 09:30, 09:30, 09:30, 09:30, 09:30, 10:00, 10:00, 10:00, 10:00, 10:00, 10:30, 10:30, 10:30, 10:30, 10:30, 11:00, 11:00, 11:00, 11:00, 11:00, 11:30, 11:30, 11:30, 11:30, 11:30, 12:00, 12:00, 12:00, 12:00, 12:00, 12:30, 12:30, 12:30, 12:30, 12:30, 13:00, 13:00, 13:00, 13:00, 13:00, 13:30, 13:30, 13:30, 13:30, 13:30, 14:00, 14:00, 14:00, 14:00, 14:00, 14:30, 14:30, 14:30, 14:30, 14:30, 15:00, 15:00, 15:00, 15:00, 15:00, 15:30, 15:30, 15:30, 15:30, 15:30, 16:00, 16:00, 16:00, 16:00, 16:00, 16:30, 16:30, 16:35, 16:35, 17:00, 17:00, 17:00, 17:00, 17:30, 17:30, 17:30, 17:30, 18:00, 18:00, 18:00, 18:00, 18:30, 18:30, 18:30, 19:00, 19:00, 19:00, 19:30, 20:00, 21:05];[[0], [0, 1, 2, 3, 4], [0], [0, 1, 2, 3, 4], [0], [0, 1, 2, 3, 4], [5], [5], [6], [5], [5], [6], [0, 1, 2, 3, 4], [0], [5], [5], [6], [0, 1, 2, 3, 4], [0], [6], [0, 1, 2, 3, 4], [5], [5], [0], [5], [5], [6], [0, 1, 2, 3, 4], [0], [6], [0], [0, 1, 2, 3, 4], [5], [5], [6], [5], [5], [0, 1, 2, 3, 4], [0], [5], [5], [0], [6], [0, 1, 2, 3, 4], [5], [5], [6], [0], [0, 1, 2, 3, 4], [6], [5], [5], [0], [0, 1, 2, 3, 4], [0], [0, 1, 2, 3, 4], [6], [5], [5], [0, 1, 2, 3, 4], [5], [5], [0], [6], [6], [0], [5], [5], [0, 1, 2, 3, 4], [0], [6], [5], [5], [0, 1, 2, 3, 4], [5], [5], [0, 1, 2, 3, 4], [6], [0], [0, 1, 2, 3, 4], [6], [0], [5], [5], [5], [5], [0, 1, 2, 3, 4], [0], [5], [5], [0, 1, 2, 3, 4], [0], [5], [5], [0, 1, 2, 3, 4], [0], [0, 1, 2, 3, 4], [0], [5], [5], [0, 1, 2, 3, 4], [5], [5], [0, 1, 2, 3, 4], [5], [5], [0, 1, 2, 3, 4], [0, 1, 2, 3, 4], [0, 1, 2, 3, 4]]
333;Silverdale/Bainbridge;[2446020, 641020, 126020, 1438020, 1024020, 11020, 244020, 567020, 2466020, 1530020];[04:22, 05:17, 05:52, 06:42, 15:45, 16:35, 17:30, 18:30, 19:15, 20:15];[[0, 1, 2, 3, 4], [0, 1, 2, 3, 4], [0, 1, 2, 3, 4], [0, 1, 2, 3, 4], [0, 1, 2, 3, 4], [0, 1, 2, 3, 4], [0, 1, 2, 3, 4], [0, 1, 2, 3, 4], [0, 1, 2, 3, 4], [0, 1, 2, 3, 4]]
344;Poulsbo Central;[2617090, 54020, 2468020, 60090, 1279090, 922020, 1907090, 2439020, 1269020, 1533070, 1533080, 515090, 2029070, 2029080, 2152020, 513090, 1112090, 1632020, 2346070, 2346080, 1060070, 1060080, 1288020, 2212090, 1234070, 1234080, 2215020, 2582090, 1102090, 1718020, 2635070, 2635080, 2483090, 2601020, 993070, 993080, 1628090, 190070, 190080, 2620020, 1891020, 2266070, 2266080, 787090, 1482070, 1482080, 2290020, 2626090, 2027090, 310020, 778070, 778080, 2271070, 2271080, 2274020, 315090, 2103070, 2103080, 1296020, 2417090, 675070, 675080, 1180020, 51090, 123070, 123080, 2276090, 752020, 1117090, 1705070, 1705080, 2462020, 1252020, 1228020];[08:30, 08:30, 08:52, 08:52, 09:30, 09:30, 09:52, 09:52, 10:30, 10:30, 10:30, 10:30, 10:53, 10:53, 10:53, 10:53, 11:30, 11:30, 11:30, 11:30, 11:53, 11:53, 11:53, 11:53, 12:30, 12:30, 12:30, 12:30, 12:53, 12:53, 12:53, 12:53, 13:30, 13:30, 13:30, 13:30, 13:53, 13:53, 13:53, 13:53, 14:30, 14:30, 14:30, 14:30, 14:53, 14:53, 14:54, 14:54, 15:30, 15:30, 15:30, 15:30, 15:53, 15:53, 15:53, 15:53, 16:30, 16:30, 16:35, 16:35, 16:53, 16:53, 16:59, 16:59, 17:30, 17:30, 17:30, 17:30, 17:53, 17:53, 17:53, 17:53, 18:30, 18:52];[[0], [0, 1, 2, 3, 4], [0, 1, 2, 3, 4], [0], [0], [0, 1, 2, 3, 4], [0], [0, 1, 2, 3, 4], [0, 1, 2, 3, 4], [5], [5], [0], [5], [5], [0, 1, 2, 3, 4], [0], [0], [0, 1, 2, 3, 4], [5], [5], [5], [5], [0, 1, 2, 3, 4], [0], [5], [5], [0, 1, 2, 3, 4], [0], [0], [0, 1, 2, 3, 4], [5], [5], [0], [0, 1, 2, 3, 4], [5], [5], [0], [5], [5], [0, 1, 2, 3, 4], [0, 1, 2, 3, 4], [5], [5], [0], [5], [5], [0, 1, 2, 3, 4], [0], [0], [0, 1, 2, 3, 4], [5], [5], [5], [5], [0, 1, 2, 3, 4], [0], [5], [5], [0, 1, 2, 3, 4], [0], [5], [5], [0, 1, 2, 3, 4], [0], [5], [5], [0], [0, 1, 2, 3, 4], [0], [5], [5], [0, 1, 2, 3, 4], [0, 1, 2, 3, 4], [0, 1, 2, 3, 4]]
377;BI Ferry Take Home;[2639028, 2640028, 2641028];[19:15, 19:15, 19:15];[[0, 1, 2, 3, 4], [0, 1, 2, 3, 4], [0, 1, 2, 3, 4]]
389;Fletcher Bay;[915020, 1155020, 70020, 1221020, 2168020, 9020, 2319020];[05:33, 06:18, 07:12, 15:45, 16:35, 17:30, 18:30];[[0, 1, 2, 3, 4], [0, 1, 2, 3, 4], [0, 1, 2, 3, 4], [0, 1, 2, 3, 4], [0, 1, 2, 3, 4], [0, 1, 2, 3, 4], [0, 1, 2, 3, 4]]
390;Poulsbo/Bainbridge;[1820020, 1379020, 2344020, 1079020, 260020, 87020, 715020, 2250090, 450020, 1353020, 902090, 1361010, 249090, 2578070, 2578080, 1187020, 1409010, 1851070, 1851080, 847090, 2611020, 1108010, 1758070, 1758080, 2595090, 1549020, 1604020, 1184010, 1723090, 375070, 375080, 1344090, 1466070, 1466080, 1911010, 101010, 1521020, 2142070, 2142080, 33090, 1107020, 2306090, 2410010, 483070, 483080, 1522020, 1596020, 1890010, 1978070, 1978080, 903090, 2516070, 2516080, 2562010, 996090, 175020, 2135090, 2517070, 2517080, 995010, 2076020, 1346090, 1828010, 688070, 688080, 2327020, 314020, 1109090, 1229070, 1229080, 2298010, 1211090, 2218070, 2218080, 487010, 2011020, 196090, 2224070, 2224080, 2331010, 2418020, 2013010, 507090, 84070, 84080, 389020, 1334020, 1556070, 1556080, 2398090, 2489010, 1172010, 194090, 2177070, 2177080, 2314020, 420020, 2233070, 2233080, 280090, 798010, 1451090, 1813070, 1813080, 899010, 1151090, 1341010, 165020, 2042070, 2042080, 21020, 1274070, 1274080, 241090, 1801020, 1920070, 1920080, 2208020, 396090, 1477070, 1477080, 959090, 1085070, 1085080, 822090, 1662020, 1670020, 1541090, 2605070, 2605080, 1912070, 1912080, 796090, 25020, 133020, 2268020, 2220020, 2293020];[04:00, 04:45, 05:38, 06:15, 06:23, 06:55, 07:05, 07:15, 07:45, 07:50, 07:50, 08:05, 08:05, 08:05, 08:05, 08:40, 08:40, 08:40, 08:40, 08:40, 08:55, 09:05, 09:05, 09:05, 09:05, 09:30, 09:30, 09:40, 09:40, 09:40, 09:40, 09:42, 09:42, 09:42, 09:42, 10:20, 10:20, 10:20, 10:20, 10:20, 10:40, 10:50, 10:50, 10:50, 10:50, 11:25, 11:25, 11:25, 11:25, 11:25, 11:25, 11:30, 11:30, 11:30, 11:30, 12:10, 12:10, 12:10, 12:10, 12:10, 12:25, 12:38, 12:38, 12:38, 12:38, 13:10, 13:10, 13:15, 13:15, 13:15, 13:15, 13:25, 13:25, 13:25, 13:25, 13:55, 14:00, 14:00, 14:00, 14:00, 14:00, 14:10, 14:10, 14:10, 14:10, 14:50, 14:55, 14:55, 14:55, 14:55, 14:55, 15:10, 15:10, 15:10, 15:10, 15:45, 15:45, 15:50, 15:50, 15:50, 15:50, 15:55, 15:55, 15:55, 15:55, 16:35, 16:35, 16:35, 16:35, 16:35, 16:35, 16:50, 16:50, 16:50, 17:30, 17:30, 17:30, 17:30, 17:30, 17:32, 17:32, 17:32, 18:20, 18:20, 18:20, 18:30, 18:30, 18:33, 18:33, 18:33, 19:10, 19:10, 19:10, 19:15, 19:30, 20:00, 20:15, 21:00];[[0, 1, 2, 3, 4], [0, 1, 2, 3, 4], [0, 1, 2, 3, 4], [0, 1, 2, 3, 4], [0, 1, 2, 3, 4], [0, 1, 2, 3, 4], [0, 1, 2, 3, 4], [0], [0, 1, 2, 3, 4], [0, 1, 2, 3, 4], [0], [6], [0], [5], [5], [0, 1, 2, 3, 4], [6], [5], [5], [0], [0, 1, 2, 3, 4], [6], [5], [5], [0], [0, 1, 2, 3, 4], [0, 1, 2, 3, 4], [6], [0], [5], [5], [0], [5], [5], [6], [6], [0, 1, 2, 3, 4], [5], [5], [0], [0, 1, 2, 3, 4], [0], [6], [5], [5], [0, 1, 2, 3, 4], [0, 1, 2, 3, 4], [6], [5], [5], [0], [5], [5], [6], [0], [0, 1, 2, 3, 4], [0], [5], [5], [6], [0, 1, 2, 3, 4], [0], [6], [5], [5], [0, 1, 2, 3, 4], [0, 1, 2, 3, 4], [0], [5], [5], [6], [0], [5], [5], [6], [0, 1, 2, 3, 4], [0], [5], [5], [6], [0, 1, 2, 3, 4], [6], [0], [5], [5], [0, 1, 2, 3, 4], [0, 1, 2, 3, 4], [5], [5], [0], [6], [6], [0], [5], [5], [0, 1, 2, 3, 4], [0, 1, 2, 3, 4], [5], [5], [0], [6], [0], [5], [5], [6], [0], [6], [0, 1, 2, 3, 4], [5], [5], [0, 1, 2, 3, 4], [5], [5], [0], [0, 1, 2, 3, 4], [5], [5], [0, 1, 2, 3, 4], [0], [5], [5], [0], [5], [5], [0], [0, 1, 2, 3, 4], [0, 1, 2, 3, 4], [0], [5], [5], [5], [5], [0], [0, 1, 2, 3, 4], [0, 1, 2, 3, 4], [0, 1, 2, 3, 4], [0, 1, 2, 3, 4], [0, 1, 2, 3, 4]]
391;Kingston/Bainbridge;[741020, 1885020, 2525020, 2414020, 2638020, 800020, 946020, 636020, 478020, 2371020, 1630020, 2475020, 254020, 910020, 1123020, 341020, 1337020, 1514020, 1003020, 2124020, 2028020, 629020, 893020, 1099020, 2599020];[04:24, 05:25, 06:00, 06:15, 06:55, 06:55, 07:32, 07:50, 08:40, 09:25, 10:20, 11:15, 12:10, 13:00, 13:55, 14:45, 15:45, 16:33, 16:35, 17:25, 17:30, 18:20, 18:30, 19:15, 20:15];[[0, 1, 2, 3, 4], [0, 1, 2, 3, 4], [0, 1, 2, 3, 4], [0, 1, 2, 3, 4], [0, 1, 2, 3, 4], [0, 1, 2, 3, 4], [0, 1, 2, 3, 4], [0, 1, 2, 3, 4], [0, 1, 2, 3, 4], [0, 1, 2, 3, 4], [0, 1, 2, 3, 4], [0, 1, 2, 3, 4], [0, 1, 2, 3, 4], [0, 1, 2, 3, 4], [0, 1, 2, 3, 4], [0, 1, 2, 3, 4], [0, 1, 2, 3, 4], [0, 1, 2, 3, 4], [0, 1, 2, 3, 4], [0, 1, 2, 3, 4], [0, 1, 2, 3, 4], [0, 1, 2, 3, 4], [0, 1, 2, 3, 4], [0, 1, 2, 3, 4], [0, 1, 2, 3, 4]]
393;Manzanita;[142020, 302020, 2416020, 1928020, 338020, 472020, 761020, 876020, 718020];[04:35, 05:38, 06:19, 07:09, 07:55, 15:45, 16:35, 17:30, 18:30];[[0, 1, 2, 3, 4], [0, 1, 2, 3, 4], [0, 1, 2, 3, 4], [0, 1, 2, 3, 4], [0, 1, 2, 3, 4], [0, 1, 2, 3, 4], [0, 1, 2, 3, 4], [0, 1, 2, 3, 4], [0, 1, 2, 3, 4]]
394;Agate Point;[639020, 804020, 1613020, 17020, 1950020, 547020, 529020];[05:30, 06:17, 07:02, 15:45, 16:35, 17:30, 18:30];[[0, 1, 2, 3, 4], [0, 1, 2, 3, 4], [0, 1, 2, 3, 4], [0, 1, 2, 3, 4], [0, 1, 2, 3, 4], [0, 1, 2, 3, 4], [0, 1, 2, 3, 4]]
395;Battle Point;[1528020, 2536020, 1719020, 1806020, 1512020, 1639020, 2564020, 404020, 1700020];[04:34, 05:35, 06:24, 07:11, 07:55, 15:45, 16:35, 17:30, 18:30];[[0, 1, 2, 3, 4], [0, 1, 2, 3, 4], [0, 1, 2, 3, 4], [0, 1, 2, 3, 4], [0, 1, 2, 3, 4], [0, 1, 2, 3, 4], [0, 1, 2, 3, 4], [0, 1, 2, 3, 4], [0, 1, 2, 3, 4]]
396;Sunrise;[408020, 1865020, 1972020, 301020, 793020, 1621020, 2358020, 1335020, 2386020];[04:34, 05:32, 06:14, 07:09, 07:58, 15:45, 16:35, 17:30, 18:30];[[0, 1, 2, 3, 4], [0, 1, 2, 3, 4], [0, 1, 2, 3, 4], [0, 1, 2, 3, 4], [0, 1, 2, 3, 4], [0, 1, 2, 3, 4], [0, 1, 2, 3, 4], [0, 1, 2, 3, 4], [0, 1, 2, 3, 4]]
397;Crystal Springs;[2143020, 1038020, 530020, 1863020, 2445020, 2146020, 2046020, 1916020, 1427020];[04:33, 05:40, 06:19, 07:14, 07:55, 15:45, 16:35, 17:30, 18:30];[[0, 1, 2, 3, 4], [0, 1, 2, 3, 4], [0, 1, 2, 3, 4], [0, 1, 2, 3, 4], [0, 1, 2, 3, 4], [0, 1, 2, 3, 4], [0, 1, 2, 3, 4], [0, 1, 2, 3, 4], [0, 1, 2, 3, 4]]
398;Fort Ward;[784020, 339020, 1223020, 1509020, 834020, 553020, 337020];[05:37, 06:20, 07:17, 15:45, 16:35, 17:30, 18:30];[[0, 1, 2, 3, 4], [0, 1, 2, 3, 4], [0, 1, 2, 3, 4], [0, 1, 2, 3, 4], [0, 1, 2, 3, 4], [0, 1, 2, 3, 4], [0, 1, 2, 3, 4]]
399;Bill Point;[1870020, 1225020, 1190020, 1355020, 2111020, 2039020, 2317020, 953020, 1290020];[04:29, 05:30, 06:15, 07:10, 07:49, 15:45, 16:35, 17:30, 18:30];[[0, 1, 2, 3, 4], [0, 1, 2, 3, 4], [0, 1, 2, 3, 4], [0, 1, 2, 3, 4], [0, 1, 2, 3, 4], [0, 1, 2, 3, 4], [0, 1, 2, 3, 4], [0, 1, 2, 3, 4], [0, 1, 2, 3, 4]]
400;Bremerton to Seattle Fast Ferry;[168020, 881090, 180020, 855090, 2452020, 2522090, 2481020, 554090, 1463020, 653090, 1037090, 729020, 1936090, 510020, 336090, 546020, 136080, 2084020, 2539090, 2287020, 730090, 480080, 1655080, 1452020, 577090, 381080, 243090, 2527020, 1423080, 1078020, 733090, 1313020, 500090, 15090, 1513020, 845080, 2156090, 357020, 1861020, 2461090, 985080, 1545020, 218090, 1506090, 2394020, 616080, 2222090, 41020, 867080, 229080];[04:40, 04:40, 05:25, 05:25, 06:05, 06:05, 06:45, 06:45, 07:25, 07:25, 08:05, 08:05, 08:35, 08:35, 09:15, 09:15, 09:20, 09:50, 09:50, 10:25, 10:25, 10:50, 12:15, 13:50, 13:50, 14:00, 15:05, 15:05, 15:30, 15:45, 15:45, 16:25, 16:25, 17:00, 17:00, 17:30, 17:45, 17:45, 18:20, 18:20, 18:50, 19:05, 19:05, 19:40, 19:40, 20:10, 21:00, 21:00, 21:30, 22:50];[[0, 1, 2, 3, 4], [0], [0, 1, 2, 3, 4], [0], [0, 1, 2, 3, 4], [0], [0, 1, 2, 3, 4], [0], [0, 1, 2, 3, 4], [0], [0], [0, 1, 2, 3, 4], [0], [0, 1, 2, 3, 4], [0], [0, 1, 2, 3, 4], [5], [0, 1, 2, 3, 4], [0], [0, 1, 2, 3, 4], [0], [5], [5], [0, 1, 2, 3, 4], [0], [5], [0], [0, 1, 2, 3, 4], [5], [0, 1, 2, 3, 4], [0], [0, 1, 2, 3, 4], [0], [0], [0, 1, 2, 3, 4], [5], [0], [0, 1, 2, 3, 4], [0, 1, 2, 3, 4], [0], [5], [0, 1, 2, 3, 4], [0], [0], [0, 1, 2, 3, 4], [5], [0], [0, 1, 2, 3, 4], [5], [5]]
401;Kingston to Seattle Fast Ferry;[1733090, 2047020, 1470090, 49020, 411020, 980090, 2167080, 493080, 662080, 2541080, 1301020, 296090, 705020, 93090, 1883080, 1571090, 2037020, 325080, 1696080, 1059080];[05:25, 05:25, 07:05, 07:05, 08:45, 08:45, 09:20, 11:00, 12:45, 14:25, 14:30, 14:30, 16:10, 16:10, 17:20, 17:55, 17:55, 19:05, 20:45, 22:25];[[0], [0, 1, 2, 3, 4], [0], [0, 1, 2, 3, 4], [0, 1, 2, 3, 4], [0], [5], [5], [5], [5], [0, 1, 2, 3, 4], [0], [0, 1, 2, 3, 4], [0], [5], [0], [0, 1, 2, 3, 4], [5], [5], [5]]
402;Southworth to Seattle Fast Ferry;[1629020, 2234090, 2323020, 977090, 1908090, 990020, 323020, 1316090, 1460080, 975080, 2286080, 1343080, 1371080, 494020, 1940090, 215080, 146020, 459090, 691080, 998020, 1587090, 2114080, 176020, 602090, 1548080, 376080, 2469080];[05:10, 05:10, 06:20, 06:20, 07:35, 07:35, 08:35, 08:45, 09:45, 11:20, 12:35, 13:45, 15:00, 15:20, 15:30, 16:15, 16:30, 16:40, 17:20, 17:40, 17:45, 18:35, 18:45, 18:45, 19:50, 21:10, 22:35];[[0, 1, 2, 3, 4], [0], [0, 1, 2, 3, 4], [0], [0], [0, 1, 2, 3, 4], [0, 1, 2, 3, 4], [0], [5], [5], [5], [5], [5], [0, 1, 2, 3, 4], [0], [5], [0, 1, 2, 3, 4], [0], [5], [0, 1, 2, 3, 4], [0], [5], [0, 1, 2, 3, 4], [0], [5], [5], [5]]
403;Seattle to Bremerton Fast Ferry;[1788090, 2636020, 1873090, 239020, 171020, 726090, 160020, 1959090, 2577020, 329090, 118090, 2560020, 30090, 999020, 1181020, 512090, 2131080, 13090, 1765020, 233020, 445090, 2228080, 1061080, 1519020, 613090, 109080, 1314090, 47020, 161080, 1461090, 1597020, 1900090, 225020, 2150090, 782020, 492080, 134090, 2382020, 1164090, 1550020, 1732080, 1748020, 1963090, 1881020, 797090, 1175080, 1892020, 6090, 765080, 2247080];[05:20, 05:20, 06:05, 06:05, 06:45, 06:45, 07:25, 07:25, 08:00, 08:00, 08:40, 08:40, 09:10, 09:10, 09:50, 09:50, 10:05, 10:25, 10:25, 11:00, 11:00, 11:30, 13:00, 14:25, 14:25, 14:45, 15:45, 15:45, 16:10, 16:25, 16:25, 17:05, 17:05, 17:40, 17:40, 18:10, 18:25, 18:25, 19:00, 19:00, 19:30, 19:40, 19:40, 20:20, 20:20, 20:50, 21:40, 21:40, 22:10, 23:30];[[0], [0, 1, 2, 3, 4], [0], [0, 1, 2, 3, 4], [0, 1, 2, 3, 4], [0], [0, 1, 2, 3, 4], [0], [0, 1, 2, 3, 4], [0], [0], [0, 1, 2, 3, 4], [0], [0, 1, 2, 3, 4], [0, 1, 2, 3, 4], [0], [5], [0], [0, 1, 2, 3, 4], [0, 1, 2, 3, 4], [0], [5], [5], [0, 1, 2, 3, 4], [0], [5], [0], [0, 1, 2, 3, 4], [5], [0], [0, 1, 2, 3, 4], [0], [0, 1, 2, 3, 4], [0], [0, 1, 2, 3, 4], [5], [0], [0, 1, 2, 3, 4], [0], [0, 1, 2, 3, 4], [5], [0, 1, 2, 3, 4], [0], [0, 1, 2, 3, 4], [0], [5], [0, 1, 2, 3, 4], [0], [5], [5]]
404;Seattle to Kingston Fast Ferry;[1990090, 520020, 2632020, 844090, 1219080, 1401020, 2090, 1045080, 2488080, 1453020, 2112090, 2631080, 1126020, 1498090, 2501080, 2241020, 462090, 872080, 588080, 203080];[06:15, 06:15, 07:55, 07:55, 10:10, 10:45, 10:45, 11:50, 13:35, 15:20, 15:20, 16:25, 17:00, 17:00, 18:15, 18:45, 18:45, 19:55, 21:35, 23:10];[[0], [0, 1, 2, 3, 4], [0, 1, 2, 3, 4], [0], [5], [0, 1, 2, 3, 4], [0], [5], [5], [0, 1, 2, 3, 4], [0], [5], [0, 1, 2, 3, 4], [0], [5], [0, 1, 2, 3, 4], [0], [5], [5], [5]]
405;Seattle to Southworth Fast Ferry;[2242090, 815020, 1006090, 1903020, 2165020, 2200090, 2373080, 898080, 237080, 1547080, 298020, 1525090, 2429080, 1104020, 2391090, 1581080, 2300020, 2569090, 514080, 1465090, 2050020, 1373080, 2597020, 557090, 1720080, 2338080, 762080];[05:45, 05:45, 06:55, 06:55, 08:05, 08:10, 10:30, 12:00, 13:10, 14:20, 14:45, 14:55, 15:40, 15:55, 16:05, 16:50, 17:15, 17:15, 17:55, 18:15, 18:15, 19:15, 19:15, 19:15, 20:30, 21:55, 23:15];[[0], [0, 1, 2, 3, 4], [0], [0, 1, 2, 3, 4], [0, 1, 2, 3, 4], [0], [5], [5], [5], [5], [0, 1, 2, 3, 4], [0], [5], [0, 1, 2, 3, 4], [0], [5], [0, 1, 2, 3, 4], [0], [5], [0], [0, 1, 2, 3, 4], [5], [0, 1, 2, 3, 4], [0], [5], [5], [5]]
500;Port Orchard Foot Ferry;[108020, 569020, 526020, 708020, 887020, 2308020, 595020, 1475020, 1327020, 2229020, 155090, 750020, 1659090, 1750020, 1322020, 476090, 2275090, 926020, 1198090, 1660020, 1668090, 463020, 230070, 230080, 318090, 749020, 1244090, 2054070, 2054080, 976020, 129070, 129080, 2026020, 234090, 367010, 125010, 2116020, 2362090, 2520070, 2520080, 1057010, 1751020, 2106090, 2256070, 2256080, 1350010, 258090, 538020, 698070, 698080, 1781090, 2390070, 2390080, 611020, 751010, 1241010, 1754020, 2559070, 2559080, 640090, 1626070, 1626080, 2245020, 615090, 694010, 1753070, 1753080, 2182020, 2555090, 776010, 2615020, 284010, 707090, 960070, 960080, 1248010, 2015090, 2425020, 913070, 913080, 1015070, 1015080, 1752010, 1796090, 224020, 1278070, 1278080, 1529010, 1638090, 35020, 1850020, 2339010, 291070, 291080, 568090, 2170010, 2226020, 2470090, 82070, 82080, 157070, 157080, 428010, 838090, 841020, 170020, 192010, 2109070, 2109080, 769090, 1191070, 1191080, 1254010, 1867090, 400020, 1065010, 2225070, 2225080, 716090, 795020, 1817090, 26010, 435070, 435080, 774020, 1132090, 1910020, 201070, 201080, 771010, 1096020, 1291090, 457010, 76070, 76080, 1256020, 226090, 551070, 551080, 850010, 1819070, 1819080, 2091010, 246020, 294090, 1844090, 2149010, 2179070, 2179080, 2471020, 2497090, 2565010, 608020, 68070, 68080, 169010, 1729020, 1740090, 1982070, 1982080, 1960090, 349010, 509070, 509080, 631020, 1520090, 2335020, 2399010, 642070, 642080, 1300070, 1300080, 1749010, 2498020, 443090, 1901020, 703090, 74070, 74080, 824010, 1097020, 1555090, 1616010, 930070, 930080, 1624010, 24020, 681090, 968070, 968080, 544020, 556070, 556080, 69090, 1483090, 1656020, 1843070, 1843080, 1092070, 1092080, 1897090, 283020, 2162020, 361090, 860070, 860080, 1375070, 1375080, 645020, 706090, 1480090, 1579070, 1579080, 1744020, 1324090, 2032020, 378070, 378080, 1411020, 563090, 987070, 987080, 1095070, 1095080, 833020, 1786070, 1786080, 2138020, 2508020, 45070, 45080, 2057020, 2523070, 2523080, 1014020, 947080, 276020, 676080, 2302020, 559080, 879080, 1787080, 974020, 22080, 1499080, 2178080, 1981080, 398080, 1319080, 1575080, 1601080, 921080, 34080, 779080];[04:25, 04:45, 05:00, 05:15, 05:30, 05:45, 06:00, 06:15, 06:30, 06:45, 07:00, 07:00, 07:15, 07:15, 07:30, 07:30, 07:45, 07:45, 08:00, 08:00, 08:15, 08:15, 08:30, 08:30, 08:30, 08:30, 08:45, 08:45, 08:45, 08:45, 09:00, 09:00, 09:00, 09:00, 09:00, 09:15, 09:15, 09:15, 09:15, 09:15, 09:30, 09:30, 09:30, 09:30, 09:30, 09:45, 09:45, 09:45, 09:45, 09:45, 10:00, 10:00, 10:00, 10:00, 10:00, 10:15, 10:15, 10:15, 10:15, 10:15, 10:30, 10:30, 10:30, 10:30, 10:30, 10:45, 10:45, 10:45, 10:45, 10:45, 11:00, 11:00, 11:00, 11:00, 11:00, 11:15, 11:15, 11:15, 11:15, 11:15, 11:30, 11:30, 11:30, 11:30, 11:30, 11:45, 11:45, 11:45, 11:45, 11:45, 12:00, 12:00, 12:00, 12:00, 12:00, 12:15, 12:15, 12:15, 12:15, 12:15, 12:30, 12:30, 12:30, 12:30, 12:30, 12:45, 12:45, 12:45, 12:45, 12:45, 13:00, 13:00, 13:00, 13:00, 13:00, 13:15, 13:15, 13:15, 13:15, 13:15, 13:30, 13:30, 13:30, 13:30, 13:30, 13:45, 13:45, 13:45, 13:45, 13:45, 14:00, 14:00, 14:00, 14:00, 14:00, 14:15, 14:15, 14:15, 14:15, 14:15, 14:30, 14:30, 14:30, 14:30, 14:30, 14:45, 14:45, 14:45, 14:45, 14:45, 15:00, 15:00, 15:00, 15:00, 15:00, 15:15, 15:15, 15:15, 15:15, 15:15, 15:30, 15:30, 15:30, 15:30, 15:30, 15:45, 15:45, 15:45, 15:45, 15:45, 16:00, 16:00, 16:00, 16:00, 16:00, 16:15, 16:15, 16:15, 16:15, 16:15, 16:30, 16:30, 16:30, 16:30, 16:30, 16:45, 16:45, 16:45, 16:45, 16:45, 17:00, 17:00, 17:00, 17:00, 17:15, 17:15, 17:15, 17:15, 17:30, 17:30, 17:30, 17:30, 17:45, 17:45, 17:45, 17:45, 18:00, 18:00, 18:00, 18:00, 18:15, 18:15, 18:15, 18:15, 18:30, 18:30, 18:30, 18:30, 18:45, 18:45, 18:45, 18:45, 19:00, 19:00, 19:00, 19:15, 19:15, 19:15, 19:30, 19:30, 19:30, 19:45, 19:45, 19:45, 20:00, 20:00, 20:15, 20:15, 20:30, 20:30, 20:45, 21:00, 21:00, 21:15, 21:30, 21:45, 22:00, 22:15, 22:30, 22:45, 23:00, 23:15, 23:30, 23:45];[[0, 1, 2, 3, 4], [0, 1, 2, 3, 4], [0, 1, 2, 3, 4], [0, 1, 2, 3, 4], [0, 1, 2, 3, 4], [0, 1, 2, 3, 4], [0, 1, 2, 3, 4], [0, 1, 2, 3, 4], [0, 1, 2, 3, 4], [0, 1, 2, 3, 4], [0], [0, 1, 2, 3, 4], [0], [0, 1, 2, 3, 4], [0, 1, 2, 3, 4], [0], [0], [0, 1, 2, 3, 4], [0], [0, 1, 2, 3, 4], [0], [0, 1, 2, 3, 4], [5], [5], [0], [0, 1, 2, 3, 4], [0], [5], [5], [0, 1, 2, 3, 4], [5], [5], [0, 1, 2, 3, 4], [0], [6], [6], [0, 1, 2, 3, 4], [0], [5], [5], [6], [0, 1, 2, 3, 4], [0], [5], [5], [6], [0], [0, 1, 2, 3, 4], [5], [5], [0], [5], [5], [0, 1, 2, 3, 4], [6], [6], [0, 1, 2, 3, 4], [5], [5], [0], [5], [5], [0, 1, 2, 3, 4], [0], [6], [5], [5], [0, 1, 2, 3, 4], [0], [6], [0, 1, 2, 3, 4], [6], [0], [5], [5], [6], [0], [0, 1, 2, 3, 4], [5], [5], [5], [5], [6], [0], [0, 1, 2, 3, 4], [5], [5], [6], [0], [0, 1, 2, 3, 4], [0, 1, 2, 3, 4], [6], [5], [5], [0], [6], [0, 1, 2, 3, 4], [0], [5], [5], [5], [5], [6], [0], [0, 1, 2, 3, 4], [0, 1, 2, 3, 4], [6], [5], [5], [0], [5], [5], [6], [0], [0, 1, 2, 3, 4], [6], [5], [5], [0], [0, 1, 2, 3, 4], [0], [6], [5], [5], [0, 1, 2, 3, 4], [0], [0, 1, 2, 3, 4], [5], [5], [6], [0, 1, 2, 3, 4], [0], [6], [5], [5], [0, 1, 2, 3, 4], [0], [5], [5], [6], [5], [5], [6], [0, 1, 2, 3, 4], [0], [0], [6], [5], [5], [0, 1, 2, 3, 4], [0], [6], [0, 1, 2, 3, 4], [5], [5], [6], [0, 1, 2, 3, 4], [0], [5], [5], [0], [6], [5], [5], [0, 1, 2, 3, 4], [0], [0, 1, 2, 3, 4], [6], [5], [5], [5], [5], [6], [0, 1, 2, 3, 4], [0], [0, 1, 2, 3, 4], [0], [5], [5], [6], [0, 1, 2, 3, 4], [0], [6], [5], [5], [6], [0, 1, 2, 3, 4], [0], [5], [5], [0, 1, 2, 3, 4], [5], [5], [0], [0], [0, 1, 2, 3, 4], [5], [5], [5], [5], [0], [0, 1, 2, 3, 4], [0, 1, 2, 3, 4], [0], [5], [5], [5], [5], [0, 1, 2, 3, 4], [0], [0], [5], [5], [0, 1, 2, 3, 4], [0], [0, 1, 2, 3, 4], [5], [5], [0, 1, 2, 3, 4], [0], [5], [5], [5], [5], [0, 1, 2, 3, 4], [5], [5], [0, 1, 2, 3, 4], [0, 1, 2, 3, 4], [5], [5], [0, 1, 2, 3, 4], [5], [5], [0, 1, 2, 3, 4], [5], [0, 1, 2, 3, 4], [5], [0, 1, 2, 3, 4], [5], [5], [5], [0, 1, 2, 3, 4], [5], [5], [5], [5], [5], [5], [5], [5], [5], [5], [5]]
501;Annapolis Foot Ferry;[2592020, 1823020, 619020, 235020, 2594020, 541020, 1039020, 1040020, 2343020, 7020, 1584020, 1995020, 2051020, 1397020, 2107020, 1847020, 1793020, 2272020, 1050020, 1858020, 508020, 1937020, 193020, 1809020, 1489020, 1784020, 382020, 2628020, 1007020, 848020, 504020, 2102020, 1222020, 97020, 1507020, 2396020, 317020, 637020];[05:15, 05:22, 05:30, 05:37, 05:45, 05:52, 06:00, 06:07, 06:15, 06:22, 06:30, 06:37, 06:45, 06:52, 07:00, 07:07, 07:15, 14:55, 15:02, 15:10, 15:17, 15:25, 15:32, 15:40, 15:47, 15:55, 16:02, 16:10, 16:17, 16:28, 16:35, 16:43, 16:50, 16:58, 17:05, 17:20, 17:27, 17:37];[[0, 1, 2, 3, 4], [0, 1, 2, 3, 4], [0, 1, 2, 3, 4], [0, 1, 2, 3, 4], [0, 1, 2, 3, 4], [0, 1, 2, 3, 4], [0, 1, 2, 3, 4], [0, 1, 2, 3, 4], [0, 1, 2, 3, 4], [0, 1, 2, 3, 4], [0, 1, 2, 3, 4], [0, 1, 2, 3, 4], [0, 1, 2, 3, 4], [0, 1, 2, 3, 4], [0, 1, 2, 3, 4], [0, 1, 2, 3, 4], [0, 1, 2, 3, 4], [0, 1, 2, 3, 4], [0, 1, 2, 3, 4], [0, 1, 2, 3, 4], [0, 1, 2, 3, 4], [0, 1, 2, 3, 4], [0, 1, 2, 3, 4], [0, 1, 2, 3, 4], [0, 1, 2, 3, 4], [0, 1, 2, 3, 4], [0, 1, 2, 3, 4], [0, 1, 2, 3, 4], [0, 1, 2, 3, 4], [0, 1, 2, 3, 4], [0, 1, 2, 3, 4], [0, 1, 2, 3, 4], [0, 1, 2, 3, 4], [0, 1, 2, 3, 4], [0, 1, 2, 3, 4], [0, 1, 2, 3, 4], [0, 1, 2, 3, 4], [0, 1, 2, 3, 4]]
600;Burley Worker/Driver;[2320020, 2236020];[06:00, 16:15];[[0, 1, 2, 3, 4], [0, 1, 2, 3, 4]]
602;Tracyton Worker/Driver;[2609020, 742020];[05:58, 16:19];[[0, 1, 2, 3, 4], [0, 1, 2, 3, 4]]
604;Horseshoe Lake Worker/Driver;[346020, 1094020];[05:56, 16:12];[[0, 1, 2, 3, 4], [0, 1, 2, 3, 4]]
605;Illahee Worker/Driver;[1406020, 80020];[05:52, 16:11];[[0, 1, 2, 3, 4], [0, 1, 2, 3, 4]]
607;Long Lake Days Worker/Driver;[1542020, 1266020];[05:40, 16:12];[[0, 1, 2, 3, 4], [0, 1, 2, 3, 4]]
608;Manchester Worker/Driver;[12020, 666020];[05:41, 16:18];[[0, 1, 2, 3, 4], [0, 1, 2, 3, 4]]
612;Phillips/Bielmeier Worker/Driver;[627020, 2512020];[05:50, 16:25];[[0, 1, 2, 3, 4], [0, 1, 2, 3, 4]]
614;Port Gamble Worker/Driver;[156020, 678020];[05:42, 16:14];[[0, 1, 2, 3, 4], [0, 1, 2, 3, 4]]
616;Salmonberry Worker/Driver;[1041020, 1905020];[05:43, 16:20];[[0, 1, 2, 3, 4], [0, 1, 2, 3, 4]]
618;Southworth Worker/Driver;[2086020, 719020];[05:43, 16:14];[[0, 1, 2, 3, 4], [0, 1, 2, 3, 4]]
619;Suquamish Worker/Driver;[1017020, 1794020];[05:34, 16:13];[[0, 1, 2, 3, 4], [0, 1, 2, 3, 4]]
620;Winslow Worker/Driver;[53020, 305020];[05:48, 16:19];[[0, 1, 2, 3, 4], [0, 1, 2, 3, 4]]
621;Woodmere Worker/Driver;[335020, 1562020];[05:41, 16:12];[[0, 1, 2, 3, 4], [0, 1, 2, 3, 4]]
623;Central Valley Loop Worker/Driver;[1125020, 1742020];[06:05, 15:45];[[0, 1, 2, 3, 4], [0, 1, 2, 3, 4]]
624;Fairgrounds Worker/Driver;[1213020, 1866020];[05:57, 16:15];[[0, 1, 2, 3, 4], [0, 1, 2, 3, 4]]
625;Sidney Woods Worker/Driver;[456020, 1657020];[05:57, 16:18];[[0, 1, 2, 3, 4], [0, 1, 2, 3, 4]]
626;Early North Worker/Driver;[1933020];[04:12];[[0, 1, 2, 3, 4]]
627;SK/Bangor Worker/Driver;[2556020, 55020];[05:00, 15:20];[[0, 1, 2, 3, 4], [0, 1, 2, 3, 4]]
630;Olalla Worker/Driver;[1665020, 1349020];[05:26, 16:15];[[0, 1, 2, 3, 4], [0, 1, 2, 3, 4]]
631;Chico Worker/Driver;[1283020, 1325020];[05:42, 16:11];[[0, 1, 2, 3, 4], [0, 1, 2, 3, 4]]
633;Viking Express Worker/Driver;[2209020, 1210020];[05:50, 16:15];[[0, 1, 2, 3, 4], [0, 1, 2, 3, 4]]
635;Early South Worker/Driver;[2014020];[04:24];[[0, 1, 2, 3, 4]]
636;Parkwood-Ponderosa Worker/Driver;[586020, 2008020];[05:52, 16:20];[[0, 1, 2, 3, 4], [0, 1, 2, 3, 4]]
637;Sunnyslope Worker/Driver;[266020, 812020];[05:42, 16:15];[[0, 1, 2, 3, 4], [0, 1, 2, 3, 4]]
638;Seabeck/Camp Union Worker/Driver;[1585020, 23020];[05:20, 16:14];[[0, 1, 2, 3, 4], [0, 1, 2, 3, 4]]
800;BI Ride;[];[];[]
801;SK Ride;[];[];[]
803;Kingston Ride;[];[];[]
807;Sunday On-Demand;[];[];[]
377;BI Ferry Take Home;[2639028, 2640028, 2641028];[19:15, 19:15, 19:15];[[0, 1, 2, 3, 4], [0, 1, 2, 3, 4], [0, 1, 2, 3, 4]]
